121
-3.600000000000000e+0
-3.500033016186023e+0
-3.400252395369644e+0
-3.301087509412551e+0
-3.202957170800441e+0
-3.106262670561958e+0
-3.011381439470955e+0
-2.918661536239210e+0
-2.828417118234591e+0
-2.740924995647182e+0
-2.656422313443432e+0
-2.575105351151870e+0
-2.497129382132728e+0
-2.422609494188471e+0
-2.351622243789474e+0
-2.284207997365772e+0
-2.220373804651687e+0
-2.160096649824125e+0
-2.103326934510831e+0
-2.049992060776076e+0
-2.000000000000000e+0
-1.950000000000000e+0
-1.900000000000000e+0
-1.850000000000000e+0
-1.800000000000000e+0
-1.750000000000000e+0
-1.700000000000000e+0
-1.650000000000000e+0
-1.600000000000000e+0
-1.550000000000000e+0
-1.500000000000000e+0
-1.450000000000000e+0
-1.399999999999999e+0
-1.349999999999999e+0
-1.299999999999999e+0
-1.249999999999999e+0
-1.199999999999999e+0
-1.149999999999999e+0
-1.099999999999999e+0
-1.049999999999999e+0
-9.999999999999991e-1
-9.499999999999991e-1
-8.999999999999990e-1
-8.499999999999990e-1
-7.999999999999989e-1
-7.499999999999989e-1
-6.999999999999988e-1
-6.499999999999988e-1
-5.999999999999988e-1
-5.499999999999987e-1
-4.999999999999987e-1
-4.499999999999987e-1
-3.999999999999987e-1
-3.499999999999988e-1
-2.999999999999988e-1
-2.499999999999988e-1
-1.999999999999988e-1
-1.499999999999988e-1
-9.999999999999880e-2
-4.999999999999880e-2
1.207367539279858e-15
5.000000000000121e-2
1.000000000000012e-1
1.500000000000012e-1
2.000000000000012e-1
2.500000000000012e-1
3.000000000000012e-1
3.500000000000012e-1
4.000000000000012e-1
4.500000000000012e-1
5.000000000000012e-1
5.500000000000013e-1
6.000000000000013e-1
6.500000000000014e-1
7.000000000000014e-1
7.500000000000014e-1
8.000000000000015e-1
8.500000000000015e-1
9.000000000000016e-1
9.500000000000016e-1
1.000000000000002e+0
1.050000000000002e+0
1.100000000000002e+0
1.150000000000002e+0
1.200000000000002e+0
1.250000000000002e+0
1.300000000000002e+0
1.350000000000002e+0
1.400000000000002e+0
1.450000000000002e+0
1.500000000000002e+0
1.550000000000002e+0
1.600000000000002e+0
1.650000000000002e+0
1.700000000000002e+0
1.750000000000002e+0
1.800000000000002e+0
1.850000000000002e+0
1.900000000000002e+0
1.950000000000002e+0
2.000000000000000e+0
2.049992060776075e+0
2.103326934510831e+0
2.160096649824124e+0
2.220373804651687e+0
2.284207997365772e+0
2.351622243789474e+0
2.422609494188471e+0
2.497129382132729e+0
2.575105351151871e+0
2.656422313443433e+0
2.740924995647182e+0
2.828417118234592e+0
2.918661536239211e+0
3.011381439470957e+0
3.106262670561959e+0
3.202957170800443e+0
3.301087509412552e+0
3.400252395369646e+0
3.500033016186024e+0
3.600000000000001e+0
