81
0.000000000000000e+0
1.000800693321390e-2
2.061442148158925e-2
3.187606475441624e-2
4.385718225830260e-2
5.663069762329302e-2
7.027972926135446e-2
8.489943662014181e-2
1.005992827368330e-1
1.175058268820668e-1
1.357661980746917e-1
1.555524513396727e-1
1.770670800108633e-1
2.005500585589243e-1
2.262879357872001e-1
2.546257103168162e-1
2.859825349271937e-1
3.208727717747057e-1
3.599346535996681e-1
4.039699617982448e-1
4.540000000000000e-1
5.040000000000000e-1
5.540000000000000e-1
6.040000000000001e-1
6.540000000000000e-1
7.040000000000000e-1
7.540000000000000e-1
8.040000000000000e-1
8.540000000000001e-1
9.039999999999999e-1
9.540000000000000e-1
1.004000000000000e+0
1.054000000000000e+0
1.104000000000000e+0
1.154000000000000e+0
1.204000000000000e+0
1.254000000000000e+0
1.304000000000000e+0
1.354000000000000e+0
1.404000000000000e+0
1.454000000000000e+0
1.504000000000000e+0
1.554000000000000e+0
1.604000000000000e+0
1.654000000000000e+0
1.704000000000000e+0
1.754000000000000e+0
1.804000000000000e+0
1.854000000000000e+0
1.904000000000000e+0
1.954000000000000e+0
2.004000000000000e+0
2.054000000000000e+0
2.104000000000000e+0
2.154000000000000e+0
2.204000000000000e+0
2.254000000000000e+0
2.304000000000000e+0
2.354000000000000e+0
2.404000000000000e+0
2.454000000000000e+0
2.504000000000000e+0
2.554000000000000e+0
2.604000000000000e+0
2.654000000000000e+0
2.704000000000000e+0
2.754000000000000e+0
2.804000000000000e+0
2.854000000000001e+0
2.904000000000000e+0
2.954000000000000e+0
3.004000000000000e+0
3.054000000000000e+0
3.104000000000000e+0
3.154000000000000e+0
3.204000000000000e+0
3.254000000000000e+0
3.304000000000000e+0
3.354000000000000e+0
3.404000000000000e+0
3.454000000000000e+0
