145
-3.600000000000000e+0
-3.550000000000000e+0
-3.500000000000000e+0
-3.450000000000001e+0
-3.400000000000001e+0
-3.350000000000001e+0
-3.300000000000001e+0
-3.250000000000001e+0
-3.200000000000002e+0
-3.150000000000002e+0
-3.100000000000002e+0
-3.050000000000002e+0
-3.000000000000002e+0
-2.950000000000002e+0
-2.900000000000003e+0
-2.850000000000003e+0
-2.800000000000003e+0
-2.750000000000003e+0
-2.700000000000003e+0
-2.650000000000003e+0
-2.600000000000004e+0
-2.550000000000004e+0
-2.500000000000004e+0
-2.450000000000004e+0
-2.400000000000004e+0
-2.350000000000005e+0
-2.300000000000005e+0
-2.250000000000005e+0
-2.200000000000005e+0
-2.150000000000005e+0
-2.100000000000005e+0
-2.050000000000006e+0
-2.000000000000006e+0
-1.950000000000006e+0
-1.900000000000006e+0
-1.850000000000006e+0
-1.800000000000006e+0
-1.750000000000006e+0
-1.700000000000006e+0
-1.650000000000005e+0
-1.600000000000005e+0
-1.550000000000005e+0
-1.500000000000005e+0
-1.450000000000005e+0
-1.400000000000005e+0
-1.350000000000005e+0
-1.300000000000005e+0
-1.250000000000005e+0
-1.200000000000005e+0
-1.150000000000005e+0
-1.100000000000005e+0
-1.050000000000005e+0
-1.000000000000005e+0
-9.500000000000048e-1
-9.000000000000048e-1
-8.500000000000048e-1
-8.000000000000047e-1
-7.500000000000047e-1
-7.000000000000046e-1
-6.500000000000046e-1
-6.000000000000045e-1
-5.500000000000045e-1
-5.000000000000044e-1
-4.500000000000045e-1
-4.000000000000045e-1
-3.500000000000045e-1
-3.000000000000045e-1
-2.500000000000045e-1
-2.000000000000045e-1
-1.500000000000045e-1
-1.000000000000045e-1
-5.000000000000451e-2
-4.510281037539698e-15
4.999999999999549e-2
9.999999999999550e-2
1.499999999999955e-1
1.999999999999955e-1
2.499999999999955e-1
2.999999999999955e-1
3.499999999999955e-1
3.999999999999955e-1
4.499999999999955e-1
4.999999999999954e-1
5.499999999999955e-1
5.999999999999955e-1
6.499999999999956e-1
6.999999999999956e-1
7.499999999999957e-1
7.999999999999957e-1
8.499999999999958e-1
8.999999999999958e-1
9.499999999999958e-1
9.999999999999959e-1
1.049999999999996e+0
1.099999999999996e+0
1.149999999999996e+0
1.199999999999996e+0
1.249999999999996e+0
1.299999999999996e+0
1.349999999999996e+0
1.399999999999996e+0
1.449999999999996e+0
1.499999999999996e+0
1.549999999999996e+0
1.599999999999996e+0
1.649999999999996e+0
1.699999999999996e+0
1.749999999999996e+0
1.799999999999996e+0
1.849999999999997e+0
1.899999999999997e+0
1.949999999999997e+0
1.999999999999997e+0
2.049999999999997e+0
2.099999999999997e+0
2.149999999999996e+0
2.199999999999996e+0
2.249999999999996e+0
2.299999999999996e+0
2.349999999999996e+0
2.399999999999995e+0
2.449999999999995e+0
2.499999999999995e+0
2.549999999999995e+0
2.599999999999995e+0
2.649999999999995e+0
2.699999999999994e+0
2.749999999999994e+0
2.799999999999994e+0
2.849999999999994e+0
2.899999999999994e+0
2.949999999999994e+0
2.999999999999993e+0
3.049999999999993e+0
3.099999999999993e+0
3.149999999999993e+0
3.199999999999993e+0
3.249999999999992e+0
3.299999999999992e+0
3.349999999999992e+0
3.399999999999992e+0
3.449999999999992e+0
3.499999999999992e+0
3.549999999999991e+0
3.600000000000000e+0
