451
-4.000000000000000e+0
-3.899912156636180e+0
-3.799887590487800e+0
-3.699989586132353e+0
-3.600281107900519e+0
-3.500824641691069e+0
-3.401682039346461e+0
-3.302914366406815e+0
-3.204581754029146e+0
-3.106743255821082e+0
-3.009456710294254e+0
-2.912778609592725e+0
-2.816763975096926e+0
-2.721466240444258e+0
-2.626937142444602e+0
-2.533226620303289e+0
-2.440382723496301e+0
-2.348451528573613e+0
-2.257477065097261e+0
-2.167501250851794e+0
-2.078563836397078e+0
-1.990702358967383e+0
-1.903952105657352e+0
-1.818346085774945e+0
-1.733915012184731e+0
-1.650687291411999e+0
-1.568689022229780e+0
-1.487944002407057e+0
-1.408473743257523e+0
-1.330297491594326e+0
-1.253432258667426e+0
-1.177892855636347e+0
-1.103691935112369e+0
-1.030840038290217e+0
-9.593456471801707e-1
-8.892152414466459e-1
-8.204533593588623e-1
-7.530626623625389e-1
-6.870440027885647e-1
-6.223964942248834e-1
-5.591175840910418e-1
-4.972031279706299e-1
-4.366474652749170e-1
-3.774434958308768e-1
-3.195827570083321e-1
-2.630555010236098e-1
-2.078507720808025e-1
-1.539564830359410e-1
-1.013594912940787e-1
-5.004567367401869e-2
0.000000000000000e+0
5.000000000000000e-2
1.000000000000000e-1
1.500000000000000e-1
2.000000000000000e-1
2.500000000000000e-1
3.000000000000000e-1
3.500000000000000e-1
4.000000000000000e-1
4.500000000000000e-1
4.999999999999999e-1
5.499999999999999e-1
6.000000000000000e-1
6.500000000000000e-1
7.000000000000001e-1
7.500000000000001e-1
8.000000000000002e-1
8.500000000000002e-1
9.000000000000002e-1
9.500000000000003e-1
1.000000000000000e+0
1.050000000000000e+0
1.100000000000000e+0
1.150000000000000e+0
1.200000000000000e+0
1.250000000000000e+0
1.300000000000000e+0
1.350000000000001e+0
1.400000000000001e+0
1.450000000000001e+0
1.500000000000001e+0
1.550000000000001e+0
1.600000000000001e+0
1.650000000000001e+0
1.700000000000001e+0
1.750000000000001e+0
1.800000000000001e+0
1.850000000000001e+0
1.900000000000001e+0
1.950000000000001e+0
2.000000000000001e+0
2.050000000000001e+0
2.100000000000001e+0
2.150000000000000e+0
2.200000000000000e+0
2.250000000000000e+0
2.300000000000000e+0
2.350000000000000e+0
2.399999999999999e+0
2.449999999999999e+0
2.499999999999999e+0
2.549999999999999e+0
2.599999999999999e+0
2.649999999999999e+0
2.699999999999998e+0
2.749999999999998e+0
2.799999999999998e+0
2.849999999999998e+0
2.899999999999998e+0
2.949999999999998e+0
2.999999999999997e+0
3.049999999999997e+0
3.099999999999997e+0
3.149999999999997e+0
3.199999999999997e+0
3.249999999999996e+0
3.299999999999996e+0
3.349999999999996e+0
3.399999999999996e+0
3.449999999999996e+0
3.499999999999996e+0
3.549999999999995e+0
3.599999999999995e+0
3.649999999999995e+0
3.699999999999995e+0
3.749999999999995e+0
3.799999999999994e+0
3.849999999999994e+0
3.899999999999994e+0
3.949999999999994e+0
3.999999999999994e+0
4.049999999999994e+0
4.099999999999993e+0
4.149999999999993e+0
4.199999999999993e+0
4.249999999999993e+0
4.299999999999993e+0
4.349999999999993e+0
4.399999999999992e+0
4.449999999999992e+0
4.499999999999992e+0
4.549999999999992e+0
4.599999999999992e+0
4.649999999999991e+0
4.699999999999991e+0
4.749999999999991e+0
4.799999999999991e+0
4.849999999999991e+0
4.899999999999991e+0
4.949999999999990e+0
4.999999999999990e+0
5.049999999999990e+0
5.099999999999990e+0
5.149999999999990e+0
5.199999999999990e+0
5.249999999999989e+0
5.299999999999989e+0
5.349999999999989e+0
5.399999999999989e+0
5.449999999999989e+0
5.499999999999988e+0
5.549999999999988e+0
5.599999999999988e+0
5.649999999999988e+0
5.699999999999988e+0
5.749999999999988e+0
5.799999999999987e+0
5.849999999999987e+0
5.899999999999987e+0
5.949999999999987e+0
5.999999999999987e+0
6.049999999999986e+0
6.099999999999986e+0
6.149999999999986e+0
6.199999999999986e+0
6.249999999999986e+0
6.299999999999986e+0
6.349999999999985e+0
6.399999999999985e+0
6.449999999999985e+0
6.499999999999985e+0
6.549999999999985e+0
6.599999999999985e+0
6.649999999999984e+0
6.699999999999984e+0
6.749999999999984e+0
6.799999999999984e+0
6.849999999999984e+0
6.899999999999983e+0
6.949999999999983e+0
6.999999999999983e+0
7.049999999999983e+0
7.099999999999983e+0
7.149999999999983e+0
7.199999999999982e+0
7.249999999999982e+0
7.299999999999982e+0
7.349999999999982e+0
7.399999999999982e+0
7.449999999999982e+0
7.499999999999981e+0
7.549999999999981e+0
7.599999999999981e+0
7.649999999999981e+0
7.699999999999981e+0
7.749999999999980e+0
7.799999999999980e+0
7.849999999999980e+0
7.899999999999980e+0
7.949999999999980e+0
7.999999999999980e+0
8.049999999999979e+0
8.099999999999980e+0
8.149999999999981e+0
8.199999999999982e+0
8.249999999999982e+0
8.299999999999983e+0
8.349999999999984e+0
8.399999999999984e+0
8.449999999999985e+0
8.499999999999986e+0
8.549999999999986e+0
8.599999999999987e+0
8.649999999999988e+0
8.699999999999989e+0
8.749999999999989e+0
8.799999999999990e+0
8.849999999999991e+0
8.899999999999991e+0
8.949999999999992e+0
8.999999999999993e+0
9.049999999999994e+0
9.099999999999994e+0
9.149999999999995e+0
9.199999999999996e+0
9.249999999999996e+0
9.299999999999997e+0
9.349999999999998e+0
9.399999999999999e+0
9.449999999999999e+0
9.500000000000000e+0
9.550000000000001e+0
9.600000000000001e+0
9.650000000000002e+0
9.700000000000003e+0
9.750000000000004e+0
9.800000000000004e+0
9.850000000000005e+0
9.900000000000006e+0
9.950000000000006e+0
1.000000000000001e+1
1.005000000000001e+1
1.010000000000001e+1
1.015000000000001e+1
1.020000000000001e+1
1.025000000000001e+1
1.030000000000001e+1
1.035000000000001e+1
1.040000000000001e+1
1.045000000000001e+1
1.050000000000001e+1
1.055000000000001e+1
1.060000000000002e+1
1.065000000000002e+1
1.070000000000002e+1
1.075000000000002e+1
1.080000000000002e+1
1.085000000000002e+1
1.090000000000002e+1
1.095000000000002e+1
1.100000000000002e+1
1.105000000000002e+1
1.110000000000002e+1
1.115000000000002e+1
1.120000000000002e+1
1.125000000000002e+1
1.130000000000003e+1
1.135000000000003e+1
1.140000000000003e+1
1.145000000000003e+1
1.150000000000003e+1
1.155000000000003e+1
1.160000000000003e+1
1.165000000000003e+1
1.170000000000003e+1
1.175000000000003e+1
1.180000000000003e+1
1.185000000000003e+1
1.190000000000003e+1
1.195000000000003e+1
1.200000000000004e+1
1.205000000000004e+1
1.210000000000004e+1
1.215000000000004e+1
1.220000000000004e+1
1.225000000000004e+1
1.230000000000004e+1
1.235000000000004e+1
1.240000000000004e+1
1.245000000000004e+1
1.250000000000004e+1
1.255000000000004e+1
1.260000000000004e+1
1.265000000000004e+1
1.270000000000005e+1
1.275000000000005e+1
1.280000000000005e+1
1.285000000000005e+1
1.290000000000005e+1
1.295000000000005e+1
1.300000000000005e+1
1.305000000000005e+1
1.310000000000005e+1
1.315000000000005e+1
1.320000000000005e+1
1.325000000000005e+1
1.330000000000005e+1
1.335000000000005e+1
1.340000000000006e+1
1.345000000000006e+1
1.350000000000006e+1
1.355000000000006e+1
1.360000000000006e+1
1.365000000000006e+1
1.370000000000006e+1
1.375000000000006e+1
1.380000000000006e+1
1.385000000000006e+1
1.390000000000006e+1
1.395000000000006e+1
1.400000000000006e+1
1.405000000000006e+1
1.410000000000007e+1
1.415000000000007e+1
1.420000000000007e+1
1.425000000000007e+1
1.430000000000007e+1
1.435000000000007e+1
1.440000000000007e+1
1.445000000000007e+1
1.450000000000007e+1
1.455000000000007e+1
1.460000000000007e+1
1.465000000000007e+1
1.470000000000007e+1
1.475000000000007e+1
1.480000000000008e+1
1.485000000000008e+1
1.490000000000008e+1
1.495000000000008e+1
1.500000000000008e+1
1.505000000000008e+1
1.510000000000008e+1
1.515000000000008e+1
1.520000000000008e+1
1.525000000000008e+1
1.530000000000008e+1
1.535000000000008e+1
1.540000000000008e+1
1.545000000000008e+1
1.550000000000009e+1
1.555000000000009e+1
1.560000000000009e+1
1.565000000000009e+1
1.570000000000009e+1
1.575000000000009e+1
1.580000000000009e+1
1.585000000000009e+1
1.590000000000009e+1
1.595000000000009e+1
1.600000000000009e+1
1.605000000000009e+1
1.610000000000009e+1
1.615000000000009e+1
1.620000000000010e+1
1.625000000000010e+1
1.630000000000010e+1
1.635000000000010e+1
1.640000000000010e+1
1.645000000000010e+1
1.650000000000010e+1
1.655000000000010e+1
1.660000000000010e+1
1.665000000000010e+1
1.670000000000010e+1
1.675000000000010e+1
1.680000000000010e+1
1.685000000000010e+1
1.690000000000011e+1
1.695000000000011e+1
1.700000000000011e+1
1.705000000000011e+1
1.710000000000011e+1
1.715000000000011e+1
1.720000000000011e+1
1.725000000000011e+1
1.730000000000011e+1
1.735000000000011e+1
1.740000000000011e+1
1.745000000000011e+1
1.750000000000011e+1
1.755000000000011e+1
1.760000000000012e+1
1.765000000000012e+1
1.770000000000012e+1
1.775000000000012e+1
1.780000000000012e+1
1.785000000000012e+1
1.790000000000012e+1
1.795000000000012e+1
1.800000000000012e+1
1.805000000000012e+1
1.810000000000012e+1
1.815000000000012e+1
1.820000000000012e+1
1.825000000000012e+1
1.830000000000013e+1
1.835000000000013e+1
1.840000000000013e+1
1.845000000000013e+1
1.850000000000013e+1
1.855000000000013e+1
1.860000000000013e+1
1.865000000000013e+1
1.870000000000013e+1
1.875000000000013e+1
1.880000000000013e+1
1.885000000000013e+1
1.890000000000013e+1
1.895000000000013e+1
1.900000000000014e+1
1.905000000000014e+1
1.910000000000014e+1
1.915000000000014e+1
1.920000000000014e+1
1.925000000000014e+1
1.930000000000014e+1
1.935000000000014e+1
1.940000000000014e+1
1.945000000000014e+1
1.950000000000014e+1
1.955000000000014e+1
1.960000000000014e+1
1.965000000000014e+1
1.970000000000014e+1
1.975000000000015e+1
1.980000000000015e+1
1.985000000000015e+1
1.990000000000015e+1
1.995000000000015e+1
2.000000000000000e+1
