121
-4.000000000000000e+0
-3.800078732355884e+0
-3.620599283150112e+0
-3.458509352799286e+0
-3.311335136441916e+0
-3.177050453217716e+0
-3.053979865037435e+0
-2.940725913168086e+0
-2.836113747066564e+0
-2.739148481218267e+0
-2.648981992537379e+0
-2.564886806747941e+0
-2.486235368604454e+0
-2.412483443975290e+0
-2.343156723843918e+0
-2.277839932030942e+0
-2.216167907178496e+0
-2.157818253744539e+0
-2.102505249114659e+0
-2.049974763274236e+0
-2.000000000000000e+0
-1.950000000000000e+0
-1.900000000000000e+0
-1.850000000000000e+0
-1.800000000000000e+0
-1.750000000000000e+0
-1.700000000000000e+0
-1.650000000000000e+0
-1.600000000000000e+0
-1.550000000000000e+0
-1.500000000000000e+0
-1.450000000000000e+0
-1.399999999999999e+0
-1.349999999999999e+0
-1.299999999999999e+0
-1.249999999999999e+0
-1.199999999999999e+0
-1.149999999999999e+0
-1.099999999999999e+0
-1.049999999999999e+0
-9.999999999999991e-1
-9.499999999999991e-1
-8.999999999999990e-1
-8.499999999999990e-1
-7.999999999999989e-1
-7.499999999999989e-1
-6.999999999999988e-1
-6.499999999999988e-1
-5.999999999999988e-1
-5.499999999999987e-1
-4.999999999999987e-1
-4.499999999999987e-1
-3.999999999999987e-1
-3.499999999999988e-1
-2.999999999999988e-1
-2.499999999999988e-1
-1.999999999999988e-1
-1.499999999999988e-1
-9.999999999999880e-2
-4.999999999999880e-2
1.207367539279858e-15
5.000000000000121e-2
1.000000000000012e-1
1.500000000000012e-1
2.000000000000012e-1
2.500000000000012e-1
3.000000000000012e-1
3.500000000000012e-1
4.000000000000012e-1
4.500000000000012e-1
5.000000000000012e-1
5.500000000000013e-1
6.000000000000013e-1
6.500000000000014e-1
7.000000000000014e-1
7.500000000000014e-1
8.000000000000015e-1
8.500000000000015e-1
9.000000000000016e-1
9.500000000000016e-1
1.000000000000002e+0
1.050000000000002e+0
1.100000000000002e+0
1.150000000000002e+0
1.200000000000002e+0
1.250000000000002e+0
1.300000000000002e+0
1.350000000000002e+0
1.400000000000002e+0
1.450000000000002e+0
1.500000000000002e+0
1.550000000000002e+0
1.600000000000002e+0
1.650000000000002e+0
1.700000000000002e+0
1.750000000000002e+0
1.800000000000002e+0
1.850000000000002e+0
1.900000000000002e+0
1.950000000000002e+0
2.000000000000000e+0
2.049974763274236e+0
2.102505249114660e+0
2.157818253744539e+0
2.216167907178497e+0
2.277839932030942e+0
2.343156723843918e+0
2.412483443975290e+0
2.486235368604455e+0
2.564886806747941e+0
2.648981992537379e+0
2.739148481218268e+0
2.836113747066564e+0
2.940725913168085e+0
3.053979865037435e+0
3.177050453217715e+0
3.311335136441915e+0
3.458509352799285e+0
3.620599283150111e+0
3.800078732355883e+0
4.000000000000000e+0
