1201
-7.500000000000000e+0
-7.450000000000000e+0
-7.400000000000000e+0
-7.350000000000001e+0
-7.300000000000001e+0
-7.250000000000001e+0
-7.200000000000001e+0
-7.150000000000001e+0
-7.100000000000001e+0
-7.050000000000002e+0
-7.000000000000002e+0
-6.950000000000002e+0
-6.900000000000002e+0
-6.850000000000002e+0
-6.800000000000002e+0
-6.750000000000003e+0
-6.700000000000003e+0
-6.650000000000003e+0
-6.600000000000003e+0
-6.550000000000003e+0
-6.500000000000004e+0
-6.450000000000004e+0
-6.400000000000004e+0
-6.350000000000004e+0
-6.300000000000004e+0
-6.250000000000004e+0
-6.200000000000005e+0
-6.150000000000005e+0
-6.100000000000005e+0
-6.050000000000005e+0
-6.000000000000005e+0
-5.950000000000006e+0
-5.900000000000006e+0
-5.850000000000006e+0
-5.800000000000006e+0
-5.750000000000006e+0
-5.700000000000006e+0
-5.650000000000007e+0
-5.600000000000007e+0
-5.550000000000007e+0
-5.500000000000007e+0
-5.450000000000007e+0
-5.400000000000007e+0
-5.350000000000008e+0
-5.300000000000008e+0
-5.250000000000008e+0
-5.200000000000008e+0
-5.150000000000008e+0
-5.100000000000009e+0
-5.050000000000009e+0
-5.000000000000009e+0
-4.950000000000009e+0
-4.900000000000009e+0
-4.850000000000009e+0
-4.800000000000010e+0
-4.750000000000010e+0
-4.700000000000010e+0
-4.650000000000010e+0
-4.600000000000010e+0
-4.550000000000010e+0
-4.500000000000011e+0
-4.450000000000011e+0
-4.400000000000011e+0
-4.350000000000011e+0
-4.300000000000011e+0
-4.250000000000012e+0
-4.200000000000012e+0
-4.150000000000012e+0
-4.100000000000012e+0
-4.050000000000012e+0
-4.000000000000012e+0
-3.950000000000013e+0
-3.900000000000013e+0
-3.850000000000013e+0
-3.800000000000013e+0
-3.750000000000013e+0
-3.700000000000014e+0
-3.650000000000014e+0
-3.600000000000014e+0
-3.550000000000014e+0
-3.500000000000014e+0
-3.450000000000014e+0
-3.400000000000015e+0
-3.350000000000015e+0
-3.300000000000015e+0
-3.250000000000015e+0
-3.200000000000015e+0
-3.150000000000015e+0
-3.100000000000016e+0
-3.050000000000016e+0
-3.000000000000016e+0
-2.950000000000016e+0
-2.900000000000016e+0
-2.850000000000017e+0
-2.800000000000017e+0
-2.750000000000017e+0
-2.700000000000017e+0
-2.650000000000017e+0
-2.600000000000017e+0
-2.550000000000018e+0
-2.500000000000018e+0
-2.450000000000018e+0
-2.400000000000018e+0
-2.350000000000018e+0
-2.300000000000018e+0
-2.250000000000019e+0
-2.200000000000019e+0
-2.150000000000019e+0
-2.100000000000019e+0
-2.050000000000019e+0
-2.000000000000020e+0
-1.950000000000019e+0
-1.900000000000019e+0
-1.850000000000019e+0
-1.800000000000019e+0
-1.750000000000019e+0
-1.700000000000019e+0
-1.650000000000019e+0
-1.600000000000019e+0
-1.550000000000019e+0
-1.500000000000019e+0
-1.450000000000019e+0
-1.400000000000019e+0
-1.350000000000019e+0
-1.300000000000019e+0
-1.250000000000019e+0
-1.200000000000019e+0
-1.150000000000019e+0
-1.100000000000019e+0
-1.050000000000019e+0
-1.000000000000019e+0
-9.500000000000186e-1
-9.000000000000186e-1
-8.500000000000185e-1
-8.000000000000185e-1
-7.500000000000184e-1
-7.000000000000184e-1
-6.500000000000183e-1
-6.000000000000183e-1
-5.500000000000183e-1
-5.000000000000182e-1
-4.500000000000182e-1
-4.000000000000182e-1
-3.500000000000182e-1
-3.000000000000183e-1
-2.500000000000183e-1
-2.000000000000183e-1
-1.500000000000183e-1
-1.000000000000183e-1
-5.000000000001828e-2
-1.827704654289164e-14
4.999999999998173e-2
9.999999999998173e-2
1.499999999999817e-1
1.999999999999817e-1
2.499999999999817e-1
2.999999999999817e-1
3.499999999999817e-1
3.999999999999817e-1
4.499999999999817e-1
4.999999999999817e-1
5.499999999999817e-1
5.999999999999818e-1
6.499999999999818e-1
6.999999999999819e-1
7.499999999999819e-1
7.999999999999819e-1
8.499999999999820e-1
8.999999999999820e-1
9.499999999999821e-1
9.999999999999821e-1
1.049999999999982e+0
1.099999999999982e+0
1.149999999999982e+0
1.199999999999982e+0
1.249999999999982e+0
1.299999999999982e+0
1.349999999999982e+0
1.399999999999982e+0
1.449999999999982e+0
1.499999999999982e+0
1.549999999999983e+0
1.599999999999983e+0
1.649999999999983e+0
1.699999999999983e+0
1.749999999999983e+0
1.799999999999983e+0
1.849999999999983e+0
1.899999999999983e+0
1.949999999999983e+0
1.999999999999983e+0
2.049999999999983e+0
2.099999999999983e+0
2.149999999999983e+0
2.199999999999982e+0
2.249999999999982e+0
2.299999999999982e+0
2.349999999999982e+0
2.399999999999982e+0
2.449999999999982e+0
2.499999999999981e+0
2.549999999999981e+0
2.599999999999981e+0
2.649999999999981e+0
2.699999999999981e+0
2.749999999999980e+0
2.799999999999980e+0
2.849999999999980e+0
2.899999999999980e+0
2.949999999999980e+0
2.999999999999980e+0
3.049999999999979e+0
3.099999999999979e+0
3.149999999999979e+0
3.199999999999979e+0
3.249999999999979e+0
3.299999999999979e+0
3.349999999999978e+0
3.399999999999978e+0
3.449999999999978e+0
3.499999999999978e+0
3.549999999999978e+0
3.599999999999977e+0
3.649999999999977e+0
3.699999999999977e+0
3.749999999999977e+0
3.799999999999977e+0
3.849999999999977e+0
3.899999999999976e+0
3.949999999999976e+0
3.999999999999976e+0
4.049999999999976e+0
4.099999999999976e+0
4.149999999999975e+0
4.199999999999975e+0
4.249999999999975e+0
4.299999999999975e+0
4.349999999999975e+0
4.399999999999975e+0
4.449999999999974e+0
4.499999999999974e+0
4.549999999999974e+0
4.599999999999974e+0
4.649999999999974e+0
4.699999999999974e+0
4.749999999999973e+0
4.799999999999973e+0
4.849999999999973e+0
4.899999999999973e+0
4.949999999999973e+0
4.999999999999972e+0
5.049999999999972e+0
5.099999999999972e+0
5.149999999999972e+0
5.199999999999972e+0
5.249999999999972e+0
5.299999999999971e+0
5.349999999999971e+0
5.399999999999971e+0
5.449999999999971e+0
5.499999999999971e+0
5.549999999999971e+0
5.599999999999970e+0
5.649999999999970e+0
5.699999999999970e+0
5.749999999999970e+0
5.799999999999970e+0
5.849999999999969e+0
5.899999999999969e+0
5.949999999999969e+0
5.999999999999969e+0
6.049999999999969e+0
6.099999999999969e+0
6.149999999999968e+0
6.199999999999968e+0
6.249999999999968e+0
6.299999999999968e+0
6.349999999999968e+0
6.399999999999967e+0
6.449999999999967e+0
6.499999999999967e+0
6.549999999999967e+0
6.599999999999967e+0
6.649999999999967e+0
6.699999999999966e+0
6.749999999999966e+0
6.799999999999966e+0
6.849999999999966e+0
6.899999999999966e+0
6.949999999999966e+0
6.999999999999965e+0
7.049999999999965e+0
7.099999999999965e+0
7.149999999999965e+0
7.199999999999965e+0
7.249999999999964e+0
7.299999999999964e+0
7.349999999999964e+0
7.399999999999964e+0
7.449999999999964e+0
7.499999999999964e+0
7.549999999999963e+0
7.599999999999963e+0
7.649999999999963e+0
7.699999999999963e+0
7.749999999999963e+0
7.799999999999963e+0
7.849999999999962e+0
7.899999999999962e+0
7.949999999999962e+0
7.999999999999962e+0
8.049999999999962e+0
8.099999999999962e+0
8.149999999999963e+0
8.199999999999964e+0
8.249999999999964e+0
8.299999999999965e+0
8.349999999999966e+0
8.399999999999967e+0
8.449999999999967e+0
8.499999999999968e+0
8.549999999999969e+0
8.599999999999969e+0
8.649999999999970e+0
8.699999999999971e+0
8.749999999999972e+0
8.799999999999972e+0
8.849999999999973e+0
8.899999999999974e+0
8.949999999999974e+0
8.999999999999975e+0
9.049999999999976e+0
9.099999999999977e+0
9.149999999999977e+0
9.199999999999978e+0
9.249999999999979e+0
9.299999999999979e+0
9.349999999999980e+0
9.399999999999981e+0
9.449999999999982e+0
9.499999999999982e+0
9.549999999999983e+0
9.599999999999984e+0
9.649999999999984e+0
9.699999999999985e+0
9.749999999999986e+0
9.799999999999986e+0
9.849999999999987e+0
9.899999999999988e+0
9.949999999999989e+0
9.999999999999989e+0
1.004999999999999e+1
1.009999999999999e+1
1.014999999999999e+1
1.019999999999999e+1
1.024999999999999e+1
1.029999999999999e+1
1.034999999999999e+1
1.040000000000000e+1
1.045000000000000e+1
1.050000000000000e+1
1.055000000000000e+1
1.060000000000000e+1
1.065000000000000e+1
1.070000000000000e+1
1.075000000000000e+1
1.080000000000000e+1
1.085000000000000e+1
1.090000000000000e+1
1.095000000000000e+1
1.100000000000000e+1
1.105000000000000e+1
1.110000000000000e+1
1.115000000000001e+1
1.120000000000001e+1
1.125000000000001e+1
1.130000000000001e+1
1.135000000000001e+1
1.140000000000001e+1
1.145000000000001e+1
1.150000000000001e+1
1.155000000000001e+1
1.160000000000001e+1
1.165000000000001e+1
1.170000000000001e+1
1.175000000000001e+1
1.180000000000001e+1
1.185000000000002e+1
1.190000000000002e+1
1.195000000000002e+1
1.200000000000002e+1
1.205000000000002e+1
1.210000000000002e+1
1.215000000000002e+1
1.220000000000002e+1
1.225000000000002e+1
1.230000000000002e+1
1.235000000000002e+1
1.240000000000002e+1
1.245000000000002e+1
1.250000000000002e+1
1.255000000000003e+1
1.260000000000003e+1
1.265000000000003e+1
1.270000000000003e+1
1.275000000000003e+1
1.280000000000003e+1
1.285000000000003e+1
1.290000000000003e+1
1.295000000000003e+1
1.300000000000003e+1
1.305000000000003e+1
1.310000000000003e+1
1.315000000000003e+1
1.320000000000003e+1
1.325000000000004e+1
1.330000000000004e+1
1.335000000000004e+1
1.340000000000004e+1
1.345000000000004e+1
1.350000000000004e+1
1.355000000000004e+1
1.360000000000004e+1
1.365000000000004e+1
1.370000000000004e+1
1.375000000000004e+1
1.380000000000004e+1
1.385000000000004e+1
1.390000000000004e+1
1.395000000000005e+1
1.400000000000005e+1
1.405000000000005e+1
1.410000000000005e+1
1.415000000000005e+1
1.420000000000005e+1
1.425000000000005e+1
1.430000000000005e+1
1.435000000000005e+1
1.440000000000005e+1
1.445000000000005e+1
1.450000000000005e+1
1.455000000000005e+1
1.460000000000005e+1
1.465000000000006e+1
1.470000000000006e+1
1.475000000000006e+1
1.480000000000006e+1
1.485000000000006e+1
1.490000000000006e+1
1.495000000000006e+1
1.500000000000006e+1
1.505000000000006e+1
1.510000000000006e+1
1.515000000000006e+1
1.520000000000006e+1
1.525000000000006e+1
1.530000000000006e+1
1.535000000000007e+1
1.540000000000007e+1
1.545000000000007e+1
1.550000000000007e+1
1.555000000000007e+1
1.560000000000007e+1
1.565000000000007e+1
1.570000000000007e+1
1.575000000000007e+1
1.580000000000007e+1
1.585000000000007e+1
1.590000000000007e+1
1.595000000000007e+1
1.600000000000007e+1
1.605000000000008e+1
1.610000000000008e+1
1.615000000000008e+1
1.620000000000008e+1
1.625000000000008e+1
1.630000000000008e+1
1.635000000000008e+1
1.640000000000008e+1
1.645000000000008e+1
1.650000000000008e+1
1.655000000000008e+1
1.660000000000008e+1
1.665000000000008e+1
1.670000000000008e+1
1.675000000000009e+1
1.680000000000009e+1
1.685000000000009e+1
1.690000000000009e+1
1.695000000000009e+1
1.700000000000009e+1
1.705000000000009e+1
1.710000000000009e+1
1.715000000000009e+1
1.720000000000009e+1
1.725000000000009e+1
1.730000000000009e+1
1.735000000000009e+1
1.740000000000009e+1
1.745000000000010e+1
1.750000000000010e+1
1.755000000000010e+1
1.760000000000010e+1
1.765000000000010e+1
1.770000000000010e+1
1.775000000000010e+1
1.780000000000010e+1
1.785000000000010e+1
1.790000000000010e+1
1.795000000000010e+1
1.800000000000010e+1
1.805000000000010e+1
1.810000000000010e+1
1.815000000000011e+1
1.820000000000011e+1
1.825000000000011e+1
1.830000000000011e+1
1.835000000000011e+1
1.840000000000011e+1
1.845000000000011e+1
1.850000000000011e+1
1.855000000000011e+1
1.860000000000011e+1
1.865000000000011e+1
1.870000000000011e+1
1.875000000000011e+1
1.880000000000011e+1
1.885000000000012e+1
1.890000000000012e+1
1.895000000000012e+1
1.900000000000012e+1
1.905000000000012e+1
1.910000000000012e+1
1.915000000000012e+1
1.920000000000012e+1
1.925000000000012e+1
1.930000000000012e+1
1.935000000000012e+1
1.940000000000012e+1
1.945000000000012e+1
1.950000000000012e+1
1.955000000000013e+1
1.960000000000013e+1
1.965000000000013e+1
1.970000000000013e+1
1.975000000000013e+1
1.980000000000013e+1
1.985000000000013e+1
1.990000000000013e+1
1.995000000000013e+1
2.000000000000013e+1
2.005000000000013e+1
2.010000000000013e+1
2.015000000000013e+1
2.020000000000013e+1
2.025000000000014e+1
2.030000000000014e+1
2.035000000000014e+1
2.040000000000014e+1
2.045000000000014e+1
2.050000000000014e+1
2.055000000000014e+1
2.060000000000014e+1
2.065000000000014e+1
2.070000000000014e+1
2.075000000000014e+1
2.080000000000014e+1
2.085000000000014e+1
2.090000000000014e+1
2.095000000000014e+1
2.100000000000015e+1
2.105000000000015e+1
2.110000000000015e+1
2.115000000000015e+1
2.120000000000015e+1
2.125000000000015e+1
2.130000000000015e+1
2.135000000000015e+1
2.140000000000015e+1
2.145000000000015e+1
2.150000000000015e+1
2.155000000000015e+1
2.160000000000015e+1
2.165000000000015e+1
2.170000000000016e+1
2.175000000000016e+1
2.180000000000016e+1
2.185000000000016e+1
2.190000000000016e+1
2.195000000000016e+1
2.200000000000016e+1
2.205000000000016e+1
2.210000000000016e+1
2.215000000000016e+1
2.220000000000016e+1
2.225000000000016e+1
2.230000000000016e+1
2.235000000000016e+1
2.240000000000017e+1
2.245000000000017e+1
2.250000000000017e+1
2.255000000000017e+1
2.260000000000017e+1
2.265000000000017e+1
2.270000000000017e+1
2.275000000000017e+1
2.280000000000017e+1
2.285000000000017e+1
2.290000000000017e+1
2.295000000000017e+1
2.300000000000017e+1
2.305000000000017e+1
2.310000000000018e+1
2.315000000000018e+1
2.320000000000018e+1
2.325000000000018e+1
2.330000000000018e+1
2.335000000000018e+1
2.340000000000018e+1
2.345000000000018e+1
2.350000000000018e+1
2.355000000000018e+1
2.360000000000018e+1
2.365000000000018e+1
2.370000000000018e+1
2.375000000000018e+1
2.380000000000019e+1
2.385000000000019e+1
2.390000000000019e+1
2.395000000000019e+1
2.400000000000019e+1
2.405000000000019e+1
2.410000000000019e+1
2.415000000000019e+1
2.420000000000019e+1
2.425000000000019e+1
2.430000000000019e+1
2.435000000000019e+1
2.440000000000019e+1
2.445000000000019e+1
2.450000000000020e+1
2.455000000000020e+1
2.460000000000020e+1
2.465000000000020e+1
2.470000000000020e+1
2.475000000000020e+1
2.480000000000020e+1
2.485000000000020e+1
2.490000000000020e+1
2.495000000000020e+1
2.500000000000020e+1
2.505000000000020e+1
2.510000000000020e+1
2.515000000000020e+1
2.520000000000021e+1
2.525000000000021e+1
2.530000000000021e+1
2.535000000000021e+1
2.540000000000021e+1
2.545000000000021e+1
2.550000000000021e+1
2.555000000000021e+1
2.560000000000021e+1
2.565000000000021e+1
2.570000000000021e+1
2.575000000000021e+1
2.580000000000021e+1
2.585000000000021e+1
2.590000000000022e+1
2.595000000000022e+1
2.600000000000022e+1
2.605000000000022e+1
2.610000000000022e+1
2.615000000000022e+1
2.620000000000022e+1
2.625000000000022e+1
2.630000000000022e+1
2.635000000000022e+1
2.640000000000022e+1
2.645000000000022e+1
2.650000000000022e+1
2.655000000000022e+1
2.660000000000023e+1
2.665000000000023e+1
2.670000000000023e+1
2.675000000000023e+1
2.680000000000023e+1
2.685000000000023e+1
2.690000000000023e+1
2.695000000000023e+1
2.700000000000023e+1
2.705000000000023e+1
2.710000000000023e+1
2.715000000000023e+1
2.720000000000023e+1
2.725000000000023e+1
2.730000000000024e+1
2.735000000000024e+1
2.740000000000024e+1
2.745000000000024e+1
2.750000000000024e+1
2.755000000000024e+1
2.760000000000024e+1
2.765000000000024e+1
2.770000000000024e+1
2.775000000000024e+1
2.780000000000024e+1
2.785000000000024e+1
2.790000000000024e+1
2.795000000000024e+1
2.800000000000025e+1
2.805000000000025e+1
2.810000000000025e+1
2.815000000000025e+1
2.820000000000025e+1
2.825000000000025e+1
2.830000000000025e+1
2.835000000000025e+1
2.840000000000025e+1
2.845000000000025e+1
2.850000000000025e+1
2.855000000000025e+1
2.860000000000025e+1
2.865000000000025e+1
2.870000000000026e+1
2.875000000000026e+1
2.880000000000026e+1
2.885000000000026e+1
2.890000000000026e+1
2.895000000000026e+1
2.900000000000026e+1
2.905000000000026e+1
2.910000000000026e+1
2.915000000000026e+1
2.920000000000026e+1
2.925000000000026e+1
2.930000000000026e+1
2.935000000000026e+1
2.940000000000027e+1
2.945000000000027e+1
2.950000000000027e+1
2.955000000000027e+1
2.960000000000027e+1
2.965000000000027e+1
2.970000000000027e+1
2.975000000000027e+1
2.980000000000027e+1
2.985000000000027e+1
2.990000000000027e+1
2.995000000000027e+1
3.000000000000027e+1
3.005000000000027e+1
3.010000000000027e+1
3.015000000000028e+1
3.020000000000028e+1
3.025000000000028e+1
3.030000000000028e+1
3.035000000000028e+1
3.040000000000028e+1
3.045000000000028e+1
3.050000000000028e+1
3.055000000000028e+1
3.060000000000028e+1
3.065000000000028e+1
3.070000000000028e+1
3.075000000000028e+1
3.080000000000028e+1
3.085000000000029e+1
3.090000000000029e+1
3.095000000000029e+1
3.100000000000029e+1
3.105000000000029e+1
3.110000000000029e+1
3.115000000000029e+1
3.120000000000029e+1
3.125000000000029e+1
3.130000000000029e+1
3.135000000000029e+1
3.140000000000029e+1
3.145000000000029e+1
3.150000000000029e+1
3.155000000000030e+1
3.160000000000030e+1
3.165000000000030e+1
3.170000000000030e+1
3.175000000000030e+1
3.180000000000030e+1
3.185000000000030e+1
3.190000000000030e+1
3.195000000000030e+1
3.200000000000030e+1
3.205000000000030e+1
3.210000000000029e+1
3.215000000000029e+1
3.220000000000029e+1
3.225000000000028e+1
3.230000000000028e+1
3.235000000000028e+1
3.240000000000028e+1
3.245000000000027e+1
3.250000000000027e+1
3.255000000000027e+1
3.260000000000026e+1
3.265000000000026e+1
3.270000000000026e+1
3.275000000000026e+1
3.280000000000025e+1
3.285000000000025e+1
3.290000000000025e+1
3.295000000000024e+1
3.300000000000024e+1
3.305000000000024e+1
3.310000000000024e+1
3.315000000000023e+1
3.320000000000023e+1
3.325000000000023e+1
3.330000000000022e+1
3.335000000000022e+1
3.340000000000022e+1
3.345000000000022e+1
3.350000000000021e+1
3.355000000000021e+1
3.360000000000021e+1
3.365000000000020e+1
3.370000000000020e+1
3.375000000000020e+1
3.380000000000020e+1
3.385000000000019e+1
3.390000000000019e+1
3.395000000000019e+1
3.400000000000018e+1
3.405000000000018e+1
3.410000000000018e+1
3.415000000000018e+1
3.420000000000017e+1
3.425000000000017e+1
3.430000000000017e+1
3.435000000000016e+1
3.440000000000016e+1
3.445000000000016e+1
3.450000000000016e+1
3.455000000000015e+1
3.460000000000015e+1
3.465000000000015e+1
3.470000000000014e+1
3.475000000000014e+1
3.480000000000014e+1
3.485000000000014e+1
3.490000000000013e+1
3.495000000000013e+1
3.500000000000013e+1
3.505000000000013e+1
3.510000000000012e+1
3.515000000000012e+1
3.520000000000012e+1
3.525000000000011e+1
3.530000000000011e+1
3.535000000000011e+1
3.540000000000011e+1
3.545000000000010e+1
3.550000000000010e+1
3.555000000000010e+1
3.560000000000009e+1
3.565000000000009e+1
3.570000000000009e+1
3.575000000000009e+1
3.580000000000008e+1
3.585000000000008e+1
3.590000000000008e+1
3.595000000000007e+1
3.600000000000007e+1
3.605000000000007e+1
3.610000000000007e+1
3.615000000000006e+1
3.620000000000006e+1
3.625000000000006e+1
3.630000000000005e+1
3.635000000000005e+1
3.640000000000005e+1
3.645000000000005e+1
3.650000000000004e+1
3.655000000000004e+1
3.660000000000004e+1
3.665000000000003e+1
3.670000000000003e+1
3.675000000000003e+1
3.680000000000003e+1
3.685000000000002e+1
3.690000000000002e+1
3.695000000000002e+1
3.700000000000001e+1
3.705000000000001e+1
3.710000000000001e+1
3.715000000000001e+1
3.720000000000000e+1
3.725000000000000e+1
3.730000000000000e+1
3.734999999999999e+1
3.739999999999999e+1
3.744999999999999e+1
3.749999999999999e+1
3.754999999999998e+1
3.759999999999998e+1
3.764999999999998e+1
3.769999999999997e+1
3.774999999999997e+1
3.779999999999997e+1
3.784999999999997e+1
3.789999999999996e+1
3.794999999999996e+1
3.799999999999996e+1
3.804999999999995e+1
3.809999999999995e+1
3.814999999999995e+1
3.819999999999995e+1
3.824999999999994e+1
3.829999999999994e+1
3.834999999999994e+1
3.839999999999993e+1
3.844999999999993e+1
3.849999999999993e+1
3.854999999999993e+1
3.859999999999992e+1
3.864999999999992e+1
3.869999999999992e+1
3.874999999999991e+1
3.879999999999991e+1
3.884999999999991e+1
3.889999999999991e+1
3.894999999999990e+1
3.899999999999990e+1
3.904999999999990e+1
3.909999999999989e+1
3.914999999999989e+1
3.919999999999989e+1
3.924999999999989e+1
3.929999999999988e+1
3.934999999999988e+1
3.939999999999988e+1
3.944999999999987e+1
3.949999999999987e+1
3.954999999999987e+1
3.959999999999987e+1
3.964999999999986e+1
3.969999999999986e+1
3.974999999999986e+1
3.979999999999986e+1
3.984999999999985e+1
3.989999999999985e+1
3.994999999999985e+1
3.999999999999984e+1
4.004999999999984e+1
4.009999999999984e+1
4.014999999999984e+1
4.019999999999983e+1
4.024999999999983e+1
4.029999999999983e+1
4.034999999999982e+1
4.039999999999982e+1
4.044999999999982e+1
4.049999999999982e+1
4.054999999999981e+1
4.059999999999981e+1
4.064999999999981e+1
4.069999999999980e+1
4.074999999999980e+1
4.079999999999980e+1
4.084999999999980e+1
4.089999999999979e+1
4.094999999999979e+1
4.099999999999979e+1
4.104999999999978e+1
4.109999999999978e+1
4.114999999999978e+1
4.119999999999978e+1
4.124999999999977e+1
4.129999999999977e+1
4.134999999999977e+1
4.139999999999976e+1
4.144999999999976e+1
4.149999999999976e+1
4.154999999999976e+1
4.159999999999975e+1
4.164999999999975e+1
4.169999999999975e+1
4.174999999999974e+1
4.179999999999974e+1
4.184999999999974e+1
4.189999999999974e+1
4.194999999999973e+1
4.199999999999973e+1
4.204999999999973e+1
4.209999999999972e+1
4.214999999999972e+1
4.219999999999972e+1
4.224999999999972e+1
4.229999999999971e+1
4.234999999999971e+1
4.239999999999971e+1
4.244999999999970e+1
4.249999999999970e+1
4.254999999999970e+1
4.259999999999970e+1
4.264999999999969e+1
4.269999999999969e+1
4.274999999999969e+1
4.279999999999968e+1
4.284999999999968e+1
4.289999999999968e+1
4.294999999999968e+1
4.299999999999967e+1
4.304999999999967e+1
4.309999999999967e+1
4.314999999999966e+1
4.319999999999966e+1
4.324999999999966e+1
4.329999999999966e+1
4.334999999999965e+1
4.339999999999965e+1
4.344999999999965e+1
4.349999999999964e+1
4.354999999999964e+1
4.359999999999964e+1
4.364999999999964e+1
4.369999999999963e+1
4.374999999999963e+1
4.379999999999963e+1
4.384999999999962e+1
4.389999999999962e+1
4.394999999999962e+1
4.399999999999962e+1
4.404999999999961e+1
4.409999999999961e+1
4.414999999999961e+1
4.419999999999960e+1
4.424999999999960e+1
4.429999999999960e+1
4.434999999999960e+1
4.439999999999959e+1
4.444999999999959e+1
4.449999999999959e+1
4.454999999999959e+1
4.459999999999958e+1
4.464999999999958e+1
4.469999999999958e+1
4.474999999999957e+1
4.479999999999957e+1
4.484999999999957e+1
4.489999999999957e+1
4.494999999999956e+1
4.499999999999956e+1
4.504999999999956e+1
4.509999999999955e+1
4.514999999999955e+1
4.519999999999955e+1
4.524999999999955e+1
4.529999999999954e+1
4.534999999999954e+1
4.539999999999954e+1
4.544999999999953e+1
4.549999999999953e+1
4.554999999999953e+1
4.559999999999953e+1
4.564999999999952e+1
4.569999999999952e+1
4.574999999999952e+1
4.579999999999951e+1
4.584999999999951e+1
4.589999999999951e+1
4.594999999999951e+1
4.599999999999950e+1
4.604999999999950e+1
4.609999999999950e+1
4.614999999999949e+1
4.619999999999949e+1
4.624999999999949e+1
4.629999999999949e+1
4.634999999999948e+1
4.639999999999948e+1
4.644999999999948e+1
4.649999999999947e+1
4.654999999999947e+1
4.659999999999947e+1
4.664999999999947e+1
4.669999999999946e+1
4.674999999999946e+1
4.679999999999946e+1
4.684999999999945e+1
4.689999999999945e+1
4.694999999999945e+1
4.699999999999945e+1
4.704999999999944e+1
4.709999999999944e+1
4.714999999999944e+1
4.719999999999943e+1
4.724999999999943e+1
4.729999999999943e+1
4.734999999999943e+1
4.739999999999942e+1
4.744999999999942e+1
4.749999999999942e+1
4.754999999999941e+1
4.759999999999941e+1
4.764999999999941e+1
4.769999999999941e+1
4.774999999999940e+1
4.779999999999940e+1
4.784999999999940e+1
4.789999999999939e+1
4.794999999999939e+1
4.799999999999939e+1
4.804999999999939e+1
4.809999999999938e+1
4.814999999999938e+1
4.819999999999938e+1
4.824999999999937e+1
4.829999999999937e+1
4.834999999999937e+1
4.839999999999937e+1
4.844999999999936e+1
4.849999999999936e+1
4.854999999999936e+1
4.859999999999935e+1
4.864999999999935e+1
4.869999999999935e+1
4.874999999999935e+1
4.879999999999934e+1
4.884999999999934e+1
4.889999999999934e+1
4.894999999999933e+1
4.899999999999933e+1
4.904999999999933e+1
4.909999999999933e+1
4.914999999999932e+1
4.919999999999932e+1
4.924999999999932e+1
4.929999999999932e+1
4.934999999999931e+1
4.939999999999931e+1
4.944999999999931e+1
4.949999999999930e+1
4.954999999999930e+1
4.959999999999930e+1
4.964999999999930e+1
4.969999999999929e+1
4.974999999999929e+1
4.979999999999929e+1
4.984999999999928e+1
4.989999999999928e+1
4.994999999999928e+1
4.999999999999928e+1
5.004999999999927e+1
5.009999999999927e+1
5.014999999999927e+1
5.019999999999926e+1
5.024999999999926e+1
5.029999999999926e+1
5.034999999999926e+1
5.039999999999925e+1
5.044999999999925e+1
5.049999999999925e+1
5.054999999999924e+1
5.059999999999924e+1
5.064999999999924e+1
5.069999999999924e+1
5.074999999999923e+1
5.079999999999923e+1
5.084999999999923e+1
5.089999999999922e+1
5.094999999999922e+1
5.099999999999922e+1
5.104999999999922e+1
5.109999999999921e+1
5.114999999999921e+1
5.119999999999921e+1
5.124999999999920e+1
5.129999999999920e+1
5.134999999999920e+1
5.139999999999920e+1
5.144999999999919e+1
5.149999999999919e+1
5.154999999999919e+1
5.159999999999918e+1
5.164999999999918e+1
5.169999999999918e+1
5.174999999999918e+1
5.179999999999917e+1
5.184999999999917e+1
5.189999999999917e+1
5.194999999999916e+1
5.199999999999916e+1
5.204999999999916e+1
5.209999999999916e+1
5.214999999999915e+1
5.219999999999915e+1
5.224999999999915e+1
5.229999999999914e+1
5.234999999999914e+1
5.239999999999914e+1
5.244999999999914e+1
5.250000000000000e+1
