601
-7.500000000000000e+0
-7.450000000000000e+0
-7.400000000000000e+0
-7.350000000000001e+0
-7.300000000000001e+0
-7.250000000000001e+0
-7.200000000000001e+0
-7.150000000000001e+0
-7.100000000000001e+0
-7.050000000000002e+0
-7.000000000000002e+0
-6.950000000000002e+0
-6.900000000000002e+0
-6.850000000000002e+0
-6.800000000000002e+0
-6.750000000000003e+0
-6.700000000000003e+0
-6.650000000000003e+0
-6.600000000000003e+0
-6.550000000000003e+0
-6.500000000000004e+0
-6.450000000000004e+0
-6.400000000000004e+0
-6.350000000000004e+0
-6.300000000000004e+0
-6.250000000000004e+0
-6.200000000000005e+0
-6.150000000000005e+0
-6.100000000000005e+0
-6.050000000000005e+0
-6.000000000000005e+0
-5.950000000000006e+0
-5.900000000000006e+0
-5.850000000000006e+0
-5.800000000000006e+0
-5.750000000000006e+0
-5.700000000000006e+0
-5.650000000000007e+0
-5.600000000000007e+0
-5.550000000000007e+0
-5.500000000000007e+0
-5.450000000000007e+0
-5.400000000000007e+0
-5.350000000000008e+0
-5.300000000000008e+0
-5.250000000000008e+0
-5.200000000000008e+0
-5.150000000000008e+0
-5.100000000000009e+0
-5.050000000000009e+0
-5.000000000000009e+0
-4.950000000000009e+0
-4.900000000000009e+0
-4.850000000000009e+0
-4.800000000000010e+0
-4.750000000000010e+0
-4.700000000000010e+0
-4.650000000000010e+0
-4.600000000000010e+0
-4.550000000000010e+0
-4.500000000000011e+0
-4.450000000000011e+0
-4.400000000000011e+0
-4.350000000000011e+0
-4.300000000000011e+0
-4.250000000000012e+0
-4.200000000000012e+0
-4.150000000000012e+0
-4.100000000000012e+0
-4.050000000000012e+0
-4.000000000000012e+0
-3.950000000000013e+0
-3.900000000000013e+0
-3.850000000000013e+0
-3.800000000000013e+0
-3.750000000000013e+0
-3.700000000000014e+0
-3.650000000000014e+0
-3.600000000000014e+0
-3.550000000000014e+0
-3.500000000000014e+0
-3.450000000000014e+0
-3.400000000000015e+0
-3.350000000000015e+0
-3.300000000000015e+0
-3.250000000000015e+0
-3.200000000000015e+0
-3.150000000000015e+0
-3.100000000000016e+0
-3.050000000000016e+0
-3.000000000000016e+0
-2.950000000000016e+0
-2.900000000000016e+0
-2.850000000000017e+0
-2.800000000000017e+0
-2.750000000000017e+0
-2.700000000000017e+0
-2.650000000000017e+0
-2.600000000000017e+0
-2.550000000000018e+0
-2.500000000000018e+0
-2.450000000000018e+0
-2.400000000000018e+0
-2.350000000000018e+0
-2.300000000000018e+0
-2.250000000000019e+0
-2.200000000000019e+0
-2.150000000000019e+0
-2.100000000000019e+0
-2.050000000000019e+0
-2.000000000000020e+0
-1.950000000000019e+0
-1.900000000000019e+0
-1.850000000000019e+0
-1.800000000000019e+0
-1.750000000000019e+0
-1.700000000000019e+0
-1.650000000000019e+0
-1.600000000000019e+0
-1.550000000000019e+0
-1.500000000000019e+0
-1.450000000000019e+0
-1.400000000000019e+0
-1.350000000000019e+0
-1.300000000000019e+0
-1.250000000000019e+0
-1.200000000000019e+0
-1.150000000000019e+0
-1.100000000000019e+0
-1.050000000000019e+0
-1.000000000000019e+0
-9.500000000000186e-1
-9.000000000000186e-1
-8.500000000000185e-1
-8.000000000000185e-1
-7.500000000000184e-1
-7.000000000000184e-1
-6.500000000000183e-1
-6.000000000000183e-1
-5.500000000000183e-1
-5.000000000000182e-1
-4.500000000000182e-1
-4.000000000000182e-1
-3.500000000000182e-1
-3.000000000000183e-1
-2.500000000000183e-1
-2.000000000000183e-1
-1.500000000000183e-1
-1.000000000000183e-1
-5.000000000001828e-2
-1.827704654289164e-14
4.999999999998173e-2
9.999999999998173e-2
1.499999999999817e-1
1.999999999999817e-1
2.499999999999817e-1
2.999999999999817e-1
3.499999999999817e-1
3.999999999999817e-1
4.499999999999817e-1
4.999999999999817e-1
5.499999999999817e-1
5.999999999999818e-1
6.499999999999818e-1
6.999999999999819e-1
7.499999999999819e-1
7.999999999999819e-1
8.499999999999820e-1
8.999999999999820e-1
9.499999999999821e-1
9.999999999999821e-1
1.049999999999982e+0
1.099999999999982e+0
1.149999999999982e+0
1.199999999999982e+0
1.249999999999982e+0
1.299999999999982e+0
1.349999999999982e+0
1.399999999999982e+0
1.449999999999982e+0
1.499999999999982e+0
1.549999999999983e+0
1.599999999999983e+0
1.649999999999983e+0
1.699999999999983e+0
1.749999999999983e+0
1.799999999999983e+0
1.849999999999983e+0
1.899999999999983e+0
1.949999999999983e+0
1.999999999999983e+0
2.049999999999983e+0
2.099999999999983e+0
2.149999999999983e+0
2.199999999999982e+0
2.249999999999982e+0
2.299999999999982e+0
2.349999999999982e+0
2.399999999999982e+0
2.449999999999982e+0
2.499999999999981e+0
2.549999999999981e+0
2.599999999999981e+0
2.649999999999981e+0
2.699999999999981e+0
2.749999999999980e+0
2.799999999999980e+0
2.849999999999980e+0
2.899999999999980e+0
2.949999999999980e+0
2.999999999999980e+0
3.049999999999979e+0
3.099999999999979e+0
3.149999999999979e+0
3.199999999999979e+0
3.249999999999979e+0
3.299999999999979e+0
3.349999999999978e+0
3.399999999999978e+0
3.449999999999978e+0
3.499999999999978e+0
3.549999999999978e+0
3.599999999999977e+0
3.649999999999977e+0
3.699999999999977e+0
3.749999999999977e+0
3.799999999999977e+0
3.849999999999977e+0
3.899999999999976e+0
3.949999999999976e+0
3.999999999999976e+0
4.049999999999976e+0
4.099999999999976e+0
4.149999999999975e+0
4.199999999999975e+0
4.249999999999975e+0
4.299999999999975e+0
4.349999999999975e+0
4.399999999999975e+0
4.449999999999974e+0
4.499999999999974e+0
4.549999999999974e+0
4.599999999999974e+0
4.649999999999974e+0
4.699999999999974e+0
4.749999999999973e+0
4.799999999999973e+0
4.849999999999973e+0
4.899999999999973e+0
4.949999999999973e+0
4.999999999999972e+0
5.049999999999972e+0
5.099999999999972e+0
5.149999999999972e+0
5.199999999999972e+0
5.249999999999972e+0
5.299999999999971e+0
5.349999999999971e+0
5.399999999999971e+0
5.449999999999971e+0
5.499999999999971e+0
5.549999999999971e+0
5.599999999999970e+0
5.649999999999970e+0
5.699999999999970e+0
5.749999999999970e+0
5.799999999999970e+0
5.849999999999969e+0
5.899999999999969e+0
5.949999999999969e+0
5.999999999999969e+0
6.049999999999969e+0
6.099999999999969e+0
6.149999999999968e+0
6.199999999999968e+0
6.249999999999968e+0
6.299999999999968e+0
6.349999999999968e+0
6.399999999999967e+0
6.449999999999967e+0
6.499999999999967e+0
6.549999999999967e+0
6.599999999999967e+0
6.649999999999967e+0
6.699999999999966e+0
6.749999999999966e+0
6.799999999999966e+0
6.849999999999966e+0
6.899999999999966e+0
6.949999999999966e+0
6.999999999999965e+0
7.049999999999965e+0
7.099999999999965e+0
7.149999999999965e+0
7.199999999999965e+0
7.249999999999964e+0
7.299999999999964e+0
7.349999999999964e+0
7.399999999999964e+0
7.449999999999964e+0
7.499999999999964e+0
7.549999999999963e+0
7.599999999999963e+0
7.649999999999963e+0
7.699999999999963e+0
7.749999999999963e+0
7.799999999999963e+0
7.849999999999962e+0
7.899999999999962e+0
7.949999999999962e+0
7.999999999999962e+0
8.049999999999962e+0
8.099999999999962e+0
8.149999999999963e+0
8.199999999999964e+0
8.249999999999964e+0
8.299999999999965e+0
8.349999999999966e+0
8.399999999999967e+0
8.449999999999967e+0
8.499999999999968e+0
8.549999999999969e+0
8.599999999999969e+0
8.649999999999970e+0
8.699999999999971e+0
8.749999999999972e+0
8.799999999999972e+0
8.849999999999973e+0
8.899999999999974e+0
8.949999999999974e+0
8.999999999999975e+0
9.049999999999976e+0
9.099999999999977e+0
9.149999999999977e+0
9.199999999999978e+0
9.249999999999979e+0
9.299999999999979e+0
9.349999999999980e+0
9.399999999999981e+0
9.449999999999982e+0
9.499999999999982e+0
9.549999999999983e+0
9.599999999999984e+0
9.649999999999984e+0
9.699999999999985e+0
9.749999999999986e+0
9.799999999999986e+0
9.849999999999987e+0
9.899999999999988e+0
9.949999999999989e+0
9.999999999999989e+0
1.004999999999999e+1
1.009999999999999e+1
1.014999999999999e+1
1.019999999999999e+1
1.024999999999999e+1
1.029999999999999e+1
1.034999999999999e+1
1.040000000000000e+1
1.045000000000000e+1
1.050000000000000e+1
1.055000000000000e+1
1.060000000000000e+1
1.065000000000000e+1
1.070000000000000e+1
1.075000000000000e+1
1.080000000000000e+1
1.085000000000000e+1
1.090000000000000e+1
1.095000000000000e+1
1.100000000000000e+1
1.105000000000000e+1
1.110000000000000e+1
1.115000000000001e+1
1.120000000000001e+1
1.125000000000001e+1
1.130000000000001e+1
1.135000000000001e+1
1.140000000000001e+1
1.145000000000001e+1
1.150000000000001e+1
1.155000000000001e+1
1.160000000000001e+1
1.165000000000001e+1
1.170000000000001e+1
1.175000000000001e+1
1.180000000000001e+1
1.185000000000002e+1
1.190000000000002e+1
1.195000000000002e+1
1.200000000000002e+1
1.205000000000002e+1
1.210000000000002e+1
1.215000000000002e+1
1.220000000000002e+1
1.225000000000002e+1
1.230000000000002e+1
1.235000000000002e+1
1.240000000000002e+1
1.245000000000002e+1
1.250000000000002e+1
1.255000000000003e+1
1.260000000000003e+1
1.265000000000003e+1
1.270000000000003e+1
1.275000000000003e+1
1.280000000000003e+1
1.285000000000003e+1
1.290000000000003e+1
1.295000000000003e+1
1.300000000000003e+1
1.305000000000003e+1
1.310000000000003e+1
1.315000000000003e+1
1.320000000000003e+1
1.325000000000004e+1
1.330000000000004e+1
1.335000000000004e+1
1.340000000000004e+1
1.345000000000004e+1
1.350000000000004e+1
1.355000000000004e+1
1.360000000000004e+1
1.365000000000004e+1
1.370000000000004e+1
1.375000000000004e+1
1.380000000000004e+1
1.385000000000004e+1
1.390000000000004e+1
1.395000000000005e+1
1.400000000000005e+1
1.405000000000005e+1
1.410000000000005e+1
1.415000000000005e+1
1.420000000000005e+1
1.425000000000005e+1
1.430000000000005e+1
1.435000000000005e+1
1.440000000000005e+1
1.445000000000005e+1
1.450000000000005e+1
1.455000000000005e+1
1.460000000000005e+1
1.465000000000006e+1
1.470000000000006e+1
1.475000000000006e+1
1.480000000000006e+1
1.485000000000006e+1
1.490000000000006e+1
1.495000000000006e+1
1.500000000000006e+1
1.505000000000006e+1
1.510000000000006e+1
1.515000000000006e+1
1.520000000000006e+1
1.525000000000006e+1
1.530000000000006e+1
1.535000000000007e+1
1.540000000000007e+1
1.545000000000007e+1
1.550000000000007e+1
1.555000000000007e+1
1.560000000000007e+1
1.565000000000007e+1
1.570000000000007e+1
1.575000000000007e+1
1.580000000000007e+1
1.585000000000007e+1
1.590000000000007e+1
1.595000000000007e+1
1.600000000000007e+1
1.605000000000008e+1
1.610000000000008e+1
1.615000000000008e+1
1.620000000000008e+1
1.625000000000008e+1
1.630000000000008e+1
1.635000000000008e+1
1.640000000000008e+1
1.645000000000008e+1
1.650000000000008e+1
1.655000000000008e+1
1.660000000000008e+1
1.665000000000008e+1
1.670000000000008e+1
1.675000000000009e+1
1.680000000000009e+1
1.685000000000009e+1
1.690000000000009e+1
1.695000000000009e+1
1.700000000000009e+1
1.705000000000009e+1
1.710000000000009e+1
1.715000000000009e+1
1.720000000000009e+1
1.725000000000009e+1
1.730000000000009e+1
1.735000000000009e+1
1.740000000000009e+1
1.745000000000010e+1
1.750000000000010e+1
1.755000000000010e+1
1.760000000000010e+1
1.765000000000010e+1
1.770000000000010e+1
1.775000000000010e+1
1.780000000000010e+1
1.785000000000010e+1
1.790000000000010e+1
1.795000000000010e+1
1.800000000000010e+1
1.805000000000010e+1
1.810000000000010e+1
1.815000000000011e+1
1.820000000000011e+1
1.825000000000011e+1
1.830000000000011e+1
1.835000000000011e+1
1.840000000000011e+1
1.845000000000011e+1
1.850000000000011e+1
1.855000000000011e+1
1.860000000000011e+1
1.865000000000011e+1
1.870000000000011e+1
1.875000000000011e+1
1.880000000000011e+1
1.885000000000012e+1
1.890000000000012e+1
1.895000000000012e+1
1.900000000000012e+1
1.905000000000012e+1
1.910000000000012e+1
1.915000000000012e+1
1.920000000000012e+1
1.925000000000012e+1
1.930000000000012e+1
1.935000000000012e+1
1.940000000000012e+1
1.945000000000012e+1
1.950000000000012e+1
1.955000000000013e+1
1.960000000000013e+1
1.965000000000013e+1
1.970000000000013e+1
1.975000000000013e+1
1.980000000000013e+1
1.985000000000013e+1
1.990000000000013e+1
1.995000000000013e+1
2.000000000000013e+1
2.005000000000013e+1
2.010000000000013e+1
2.015000000000013e+1
2.020000000000013e+1
2.025000000000014e+1
2.030000000000014e+1
2.035000000000014e+1
2.040000000000014e+1
2.045000000000014e+1
2.050000000000014e+1
2.055000000000014e+1
2.060000000000014e+1
2.065000000000014e+1
2.070000000000014e+1
2.075000000000014e+1
2.080000000000014e+1
2.085000000000014e+1
2.090000000000014e+1
2.095000000000014e+1
2.100000000000015e+1
2.105000000000015e+1
2.110000000000015e+1
2.115000000000015e+1
2.120000000000015e+1
2.125000000000015e+1
2.130000000000015e+1
2.135000000000015e+1
2.140000000000015e+1
2.145000000000015e+1
2.150000000000015e+1
2.155000000000015e+1
2.160000000000015e+1
2.165000000000015e+1
2.170000000000016e+1
2.175000000000016e+1
2.180000000000016e+1
2.185000000000016e+1
2.190000000000016e+1
2.195000000000016e+1
2.200000000000016e+1
2.205000000000016e+1
2.210000000000016e+1
2.215000000000016e+1
2.220000000000016e+1
2.225000000000016e+1
2.230000000000016e+1
2.235000000000016e+1
2.240000000000017e+1
2.245000000000017e+1
2.250000000000000e+1
