201
-5.000000000000000e+0
-4.950000000000000e+0
-4.900000000000000e+0
-4.850000000000000e+0
-4.800000000000000e+0
-4.750000000000000e+0
-4.700000000000000e+0
-4.650000000000000e+0
-4.600000000000000e+0
-4.550000000000000e+0
-4.500000000000000e+0
-4.450000000000000e+0
-4.400000000000000e+0
-4.350000000000000e+0
-4.300000000000000e+0
-4.250000000000000e+0
-4.200000000000000e+0
-4.150000000000000e+0
-4.100000000000000e+0
-4.050000000000000e+0
-4.000000000000000e+0
-3.950000000000000e+0
-3.900000000000000e+0
-3.850000000000000e+0
-3.800000000000000e+0
-3.750000000000000e+0
-3.700000000000000e+0
-3.650000000000000e+0
-3.600000000000000e+0
-3.550000000000000e+0
-3.500000000000000e+0
-3.450000000000000e+0
-3.400000000000000e+0
-3.350000000000000e+0
-3.300000000000000e+0
-3.250000000000000e+0
-3.200000000000000e+0
-3.150000000000000e+0
-3.100000000000000e+0
-3.050000000000000e+0
-3.000000000000000e+0
-2.950000000000000e+0
-2.900000000000000e+0
-2.850000000000000e+0
-2.800000000000000e+0
-2.750000000000000e+0
-2.700000000000000e+0
-2.650000000000000e+0
-2.600000000000000e+0
-2.550000000000000e+0
-2.500000000000000e+0
-2.450000000000000e+0
-2.400000000000000e+0
-2.350000000000000e+0
-2.300000000000000e+0
-2.250000000000000e+0
-2.200000000000000e+0
-2.150000000000000e+0
-2.100000000000000e+0
-2.050000000000000e+0
-2.000000000000000e+0
-1.950000000000000e+0
-1.900000000000000e+0
-1.850000000000000e+0
-1.800000000000000e+0
-1.750000000000000e+0
-1.700000000000000e+0
-1.650000000000000e+0
-1.600000000000000e+0
-1.550000000000000e+0
-1.500000000000000e+0
-1.450000000000000e+0
-1.400000000000000e+0
-1.350000000000000e+0
-1.300000000000000e+0
-1.250000000000000e+0
-1.200000000000000e+0
-1.150000000000000e+0
-1.100000000000000e+0
-1.050000000000000e+0
-1.000000000000000e+0
-9.499999999999993e-1
-9.000000000000004e-1
-8.500000000000005e-1
-7.999999999999998e-1
-7.500000000000000e-1
-7.000000000000002e-1
-6.500000000000004e-1
-5.999999999999996e-1
-5.499999999999998e-1
-5.000000000000000e-1
-4.500000000000002e-1
-3.999999999999995e-1
-3.499999999999996e-1
-3.000000000000007e-1
-2.500000000000000e-1
-2.000000000000002e-1
-1.500000000000004e-1
-9.999999999999964e-2
-4.999999999999982e-2
0.000000000000000e+0
4.999999999999982e-2
9.999999999999964e-2
1.500000000000004e-1
2.000000000000002e-1
2.500000000000000e-1
3.000000000000007e-1
3.500000000000005e-1
4.000000000000004e-1
4.500000000000002e-1
5.000000000000000e-1
5.500000000000007e-1
6.000000000000005e-1
6.499999999999995e-1
6.999999999999993e-1
7.500000000000000e-1
7.999999999999998e-1
8.499999999999996e-1
8.999999999999995e-1
9.499999999999993e-1
1.000000000000000e+0
1.050000000000000e+0
1.100000000000000e+0
1.150000000000000e+0
1.200000000000000e+0
1.250000000000000e+0
1.300000000000000e+0
1.350000000000000e+0
1.400000000000000e+0
1.450000000000000e+0
1.500000000000000e+0
1.550000000000001e+0
1.600000000000001e+0
1.650000000000000e+0
1.700000000000000e+0
1.750000000000000e+0
1.800000000000001e+0
1.850000000000001e+0
1.899999999999999e+0
1.949999999999999e+0
2.000000000000000e+0
2.050000000000000e+0
2.100000000000000e+0
2.149999999999999e+0
2.199999999999999e+0
2.250000000000000e+0
2.300000000000000e+0
2.350000000000000e+0
2.400000000000000e+0
2.450000000000000e+0
2.500000000000000e+0
2.550000000000000e+0
2.600000000000000e+0
2.650000000000000e+0
2.700000000000000e+0
2.750000000000000e+0
2.800000000000001e+0
2.850000000000001e+0
2.900000000000000e+0
2.950000000000000e+0
3.000000000000000e+0
3.050000000000001e+0
3.100000000000001e+0
3.149999999999999e+0
3.199999999999999e+0
3.250000000000000e+0
3.299999999999999e+0
3.350000000000000e+0
3.400000000000000e+0
3.449999999999999e+0
3.500000000000000e+0
3.550000000000001e+0
3.600000000000000e+0
3.650000000000000e+0
3.699999999999999e+0
3.750000000000000e+0
3.800000000000001e+0
3.850000000000000e+0
3.900000000000000e+0
3.949999999999999e+0
4.000000000000000e+0
4.050000000000001e+0
4.100000000000000e+0
4.150000000000000e+0
4.200000000000001e+0
4.250000000000000e+0
4.300000000000001e+0
4.350000000000001e+0
4.399999999999999e+0
4.449999999999999e+0
4.500000000000000e+0
4.549999999999999e+0
4.600000000000000e+0
4.650000000000000e+0
4.699999999999999e+0
4.750000000000000e+0
4.800000000000001e+0
4.850000000000000e+0
4.900000000000000e+0
4.949999999999999e+0
5.000000000000000e+0
