1301
-1.000000000000000e+1
-9.799976686370664e+0
-9.601528453081096e+0
-9.405123777790450e+0
-9.211211505619412e+0
-9.020216953196057e+0
-8.832538474689176e+0
-8.648544541655692e+0
-8.468571372284810e+0
-8.292921129090900e+0
-8.121860688006981e+0
-7.955620966800178e+0
-7.794396787298565e+0
-7.638347234484630e+0
-7.487596466332950e+0
-7.342234921469717e+0
-7.202320867302920e+0
-7.067882229097353e+0
-6.938918640343688e+0
-6.815403656427328e+0
-6.697287076732810e+0
-6.584497324598988e+0
-6.476943839647019e+0
-6.374519442634405e+0
-6.277102638870510e+0
-6.184559832126987e+0
-6.096747426696430e+0
-6.013513800643263e+0
-5.934701138242039e+0
-5.860147114036980e+0
-5.789686424842941e+0
-5.723152169329301e+0
-5.660377077594656e+0
-5.601194595378094e+0
-5.545439829301447e+0
-5.492950360842804e+0
-5.443566937656198e+0
-5.397134051428250e+0
-5.353500411751547e+0
-5.312519325545969e+0
-5.274048991418935e+0
-5.237952718064662e+0
-5.204099075397944e+0
-5.172361986631263e+0
-5.142620768962304e+0
-5.114760129964877e+0
-5.088670126188269e+0
-5.064246089882922e+0
-5.041388529195790e+0
-5.020003006625299e+0
-5.000000000000000e+0
-4.980000000000000e+0
-4.960000000000001e+0
-4.940000000000001e+0
-4.920000000000002e+0
-4.900000000000002e+0
-4.880000000000003e+0
-4.860000000000003e+0
-4.840000000000003e+0
-4.820000000000004e+0
-4.800000000000004e+0
-4.780000000000005e+0
-4.760000000000005e+0
-4.740000000000006e+0
-4.720000000000006e+0
-4.700000000000006e+0
-4.680000000000007e+0
-4.660000000000007e+0
-4.640000000000008e+0
-4.620000000000008e+0
-4.600000000000009e+0
-4.580000000000009e+0
-4.560000000000009e+0
-4.540000000000010e+0
-4.520000000000010e+0
-4.500000000000011e+0
-4.480000000000011e+0
-4.460000000000012e+0
-4.440000000000012e+0
-4.420000000000012e+0
-4.400000000000013e+0
-4.380000000000013e+0
-4.360000000000014e+0
-4.340000000000014e+0
-4.320000000000014e+0
-4.300000000000015e+0
-4.280000000000015e+0
-4.260000000000016e+0
-4.240000000000016e+0
-4.220000000000017e+0
-4.200000000000017e+0
-4.180000000000017e+0
-4.160000000000018e+0
-4.140000000000018e+0
-4.120000000000019e+0
-4.100000000000019e+0
-4.080000000000020e+0
-4.060000000000020e+0
-4.040000000000020e+0
-4.020000000000021e+0
-4.000000000000021e+0
-3.980000000000021e+0
-3.960000000000021e+0
-3.940000000000021e+0
-3.920000000000021e+0
-3.900000000000021e+0
-3.880000000000021e+0
-3.860000000000021e+0
-3.840000000000021e+0
-3.820000000000021e+0
-3.800000000000021e+0
-3.780000000000021e+0
-3.760000000000021e+0
-3.740000000000021e+0
-3.720000000000021e+0
-3.700000000000021e+0
-3.680000000000021e+0
-3.660000000000021e+0
-3.640000000000021e+0
-3.620000000000021e+0
-3.600000000000021e+0
-3.580000000000021e+0
-3.560000000000021e+0
-3.540000000000021e+0
-3.520000000000021e+0
-3.500000000000021e+0
-3.480000000000021e+0
-3.460000000000021e+0
-3.440000000000021e+0
-3.420000000000021e+0
-3.400000000000021e+0
-3.380000000000021e+0
-3.360000000000021e+0
-3.340000000000021e+0
-3.320000000000021e+0
-3.300000000000021e+0
-3.280000000000021e+0
-3.260000000000021e+0
-3.240000000000021e+0
-3.220000000000021e+0
-3.200000000000021e+0
-3.180000000000021e+0
-3.160000000000021e+0
-3.140000000000021e+0
-3.120000000000021e+0
-3.100000000000021e+0
-3.080000000000020e+0
-3.060000000000020e+0
-3.040000000000020e+0
-3.020000000000020e+0
-3.000000000000020e+0
-2.980000000000020e+0
-2.960000000000020e+0
-2.940000000000020e+0
-2.920000000000020e+0
-2.900000000000020e+0
-2.880000000000020e+0
-2.860000000000020e+0
-2.840000000000020e+0
-2.820000000000020e+0
-2.800000000000020e+0
-2.780000000000020e+0
-2.760000000000020e+0
-2.740000000000020e+0
-2.720000000000020e+0
-2.700000000000020e+0
-2.680000000000020e+0
-2.660000000000020e+0
-2.640000000000020e+0
-2.620000000000020e+0
-2.600000000000020e+0
-2.580000000000020e+0
-2.560000000000020e+0
-2.540000000000020e+0
-2.520000000000020e+0
-2.500000000000020e+0
-2.480000000000020e+0
-2.460000000000020e+0
-2.440000000000020e+0
-2.420000000000020e+0
-2.400000000000020e+0
-2.380000000000020e+0
-2.360000000000020e+0
-2.340000000000020e+0
-2.320000000000020e+0
-2.300000000000020e+0
-2.280000000000020e+0
-2.260000000000020e+0
-2.240000000000020e+0
-2.220000000000020e+0
-2.200000000000020e+0
-2.180000000000020e+0
-2.160000000000020e+0
-2.140000000000020e+0
-2.120000000000020e+0
-2.100000000000020e+0
-2.080000000000020e+0
-2.060000000000020e+0
-2.040000000000020e+0
-2.020000000000020e+0
-2.000000000000020e+0
-1.980000000000020e+0
-1.960000000000020e+0
-1.940000000000019e+0
-1.920000000000019e+0
-1.900000000000019e+0
-1.880000000000019e+0
-1.860000000000019e+0
-1.840000000000019e+0
-1.820000000000019e+0
-1.800000000000019e+0
-1.780000000000019e+0
-1.760000000000019e+0
-1.740000000000019e+0
-1.720000000000019e+0
-1.700000000000019e+0
-1.680000000000019e+0
-1.660000000000019e+0
-1.640000000000019e+0
-1.620000000000019e+0
-1.600000000000019e+0
-1.580000000000019e+0
-1.560000000000019e+0
-1.540000000000019e+0
-1.520000000000019e+0
-1.500000000000019e+0
-1.480000000000019e+0
-1.460000000000019e+0
-1.440000000000019e+0
-1.420000000000019e+0
-1.400000000000019e+0
-1.380000000000019e+0
-1.360000000000019e+0
-1.340000000000019e+0
-1.320000000000019e+0
-1.300000000000019e+0
-1.280000000000019e+0
-1.260000000000019e+0
-1.240000000000019e+0
-1.220000000000019e+0
-1.200000000000019e+0
-1.180000000000019e+0
-1.160000000000019e+0
-1.140000000000019e+0
-1.120000000000019e+0
-1.100000000000019e+0
-1.080000000000019e+0
-1.060000000000019e+0
-1.040000000000019e+0
-1.020000000000019e+0
-1.000000000000019e+0
-9.800000000000186e-1
-9.600000000000186e-1
-9.400000000000186e-1
-9.200000000000186e-1
-9.000000000000186e-1
-8.800000000000185e-1
-8.600000000000185e-1
-8.400000000000185e-1
-8.200000000000185e-1
-8.000000000000185e-1
-7.800000000000185e-1
-7.600000000000184e-1
-7.400000000000184e-1
-7.200000000000184e-1
-7.000000000000184e-1
-6.800000000000184e-1
-6.600000000000183e-1
-6.400000000000183e-1
-6.200000000000183e-1
-6.000000000000183e-1
-5.800000000000183e-1
-5.600000000000183e-1
-5.400000000000182e-1
-5.200000000000182e-1
-5.000000000000182e-1
-4.800000000000182e-1
-4.600000000000182e-1
-4.400000000000182e-1
-4.200000000000181e-1
-4.000000000000181e-1
-3.800000000000181e-1
-3.600000000000181e-1
-3.400000000000181e-1
-3.200000000000180e-1
-3.000000000000180e-1
-2.800000000000180e-1
-2.600000000000180e-1
-2.400000000000180e-1
-2.200000000000180e-1
-2.000000000000180e-1
-1.800000000000180e-1
-1.600000000000180e-1
-1.400000000000181e-1
-1.200000000000181e-1
-1.000000000000180e-1
-8.000000000001804e-2
-6.000000000001804e-2
-4.000000000001804e-2
-2.000000000001803e-2
-1.803418525625489e-14
1.999999999998197e-2
3.999999999998197e-2
5.999999999998197e-2
7.999999999998197e-2
9.999999999998198e-2
1.199999999999820e-1
1.399999999999820e-1
1.599999999999820e-1
1.799999999999820e-1
1.999999999999819e-1
2.199999999999819e-1
2.399999999999819e-1
2.599999999999819e-1
2.799999999999819e-1
2.999999999999819e-1
3.199999999999820e-1
3.399999999999820e-1
3.599999999999820e-1
3.799999999999820e-1
3.999999999999820e-1
4.199999999999821e-1
4.399999999999821e-1
4.599999999999821e-1
4.799999999999821e-1
4.999999999999821e-1
5.199999999999821e-1
5.399999999999822e-1
5.599999999999822e-1
5.799999999999822e-1
5.999999999999822e-1
6.199999999999822e-1
6.399999999999822e-1
6.599999999999823e-1
6.799999999999823e-1
6.999999999999823e-1
7.199999999999823e-1
7.399999999999823e-1
7.599999999999824e-1
7.799999999999824e-1
7.999999999999824e-1
8.199999999999824e-1
8.399999999999824e-1
8.599999999999824e-1
8.799999999999825e-1
8.999999999999825e-1
9.199999999999825e-1
9.399999999999825e-1
9.599999999999825e-1
9.799999999999826e-1
9.999999999999826e-1
1.019999999999982e+0
1.039999999999982e+0
1.059999999999983e+0
1.079999999999983e+0
1.099999999999983e+0
1.119999999999983e+0
1.139999999999983e+0
1.159999999999983e+0
1.179999999999983e+0
1.199999999999983e+0
1.219999999999983e+0
1.239999999999983e+0
1.259999999999983e+0
1.279999999999983e+0
1.299999999999983e+0
1.319999999999983e+0
1.339999999999983e+0
1.359999999999983e+0
1.379999999999983e+0
1.399999999999983e+0
1.419999999999983e+0
1.439999999999983e+0
1.459999999999983e+0
1.479999999999983e+0
1.499999999999983e+0
1.519999999999983e+0
1.539999999999983e+0
1.559999999999983e+0
1.579999999999983e+0
1.599999999999983e+0
1.619999999999983e+0
1.639999999999983e+0
1.659999999999983e+0
1.679999999999983e+0
1.699999999999983e+0
1.719999999999983e+0
1.739999999999983e+0
1.759999999999983e+0
1.779999999999983e+0
1.799999999999983e+0
1.819999999999983e+0
1.839999999999983e+0
1.859999999999983e+0
1.879999999999983e+0
1.899999999999983e+0
1.919999999999983e+0
1.939999999999983e+0
1.959999999999983e+0
1.979999999999983e+0
1.999999999999983e+0
2.019999999999983e+0
2.039999999999983e+0
2.059999999999983e+0
2.079999999999983e+0
2.099999999999983e+0
2.119999999999983e+0
2.139999999999983e+0
2.159999999999983e+0
2.179999999999983e+0
2.199999999999983e+0
2.219999999999983e+0
2.239999999999983e+0
2.259999999999983e+0
2.279999999999983e+0
2.299999999999983e+0
2.319999999999983e+0
2.339999999999983e+0
2.359999999999983e+0
2.379999999999983e+0
2.399999999999983e+0
2.419999999999983e+0
2.439999999999984e+0
2.459999999999984e+0
2.479999999999984e+0
2.499999999999984e+0
2.519999999999984e+0
2.539999999999984e+0
2.559999999999984e+0
2.579999999999984e+0
2.599999999999984e+0
2.619999999999984e+0
2.639999999999984e+0
2.659999999999984e+0
2.679999999999984e+0
2.699999999999984e+0
2.719999999999984e+0
2.739999999999984e+0
2.759999999999984e+0
2.779999999999984e+0
2.799999999999984e+0
2.819999999999984e+0
2.839999999999984e+0
2.859999999999984e+0
2.879999999999984e+0
2.899999999999984e+0
2.919999999999984e+0
2.939999999999984e+0
2.959999999999984e+0
2.979999999999984e+0
2.999999999999984e+0
3.019999999999984e+0
3.039999999999984e+0
3.059999999999984e+0
3.079999999999984e+0
3.099999999999984e+0
3.119999999999984e+0
3.139999999999984e+0
3.159999999999984e+0
3.179999999999984e+0
3.199999999999984e+0
3.219999999999984e+0
3.239999999999984e+0
3.259999999999984e+0
3.279999999999984e+0
3.299999999999984e+0
3.319999999999984e+0
3.339999999999984e+0
3.359999999999984e+0
3.379999999999984e+0
3.399999999999984e+0
3.419999999999984e+0
3.439999999999984e+0
3.459999999999984e+0
3.479999999999984e+0
3.499999999999984e+0
3.519999999999984e+0
3.539999999999984e+0
3.559999999999985e+0
3.579999999999985e+0
3.599999999999985e+0
3.619999999999985e+0
3.639999999999985e+0
3.659999999999985e+0
3.679999999999985e+0
3.699999999999985e+0
3.719999999999985e+0
3.739999999999985e+0
3.759999999999985e+0
3.779999999999985e+0
3.799999999999985e+0
3.819999999999985e+0
3.839999999999985e+0
3.859999999999985e+0
3.879999999999985e+0
3.899999999999985e+0
3.919999999999985e+0
3.939999999999985e+0
3.959999999999985e+0
3.979999999999985e+0
3.999999999999985e+0
4.019999999999984e+0
4.039999999999984e+0
4.059999999999984e+0
4.079999999999983e+0
4.099999999999983e+0
4.119999999999982e+0
4.139999999999982e+0
4.159999999999981e+0
4.179999999999981e+0
4.199999999999981e+0
4.219999999999980e+0
4.239999999999980e+0
4.259999999999979e+0
4.279999999999979e+0
4.299999999999979e+0
4.319999999999978e+0
4.339999999999978e+0
4.359999999999977e+0
4.379999999999977e+0
4.399999999999976e+0
4.419999999999976e+0
4.439999999999976e+0
4.459999999999975e+0
4.479999999999975e+0
4.499999999999974e+0
4.519999999999974e+0
4.539999999999973e+0
4.559999999999973e+0
4.579999999999973e+0
4.599999999999972e+0
4.619999999999972e+0
4.639999999999971e+0
4.659999999999971e+0
4.679999999999970e+0
4.699999999999970e+0
4.719999999999970e+0
4.739999999999969e+0
4.759999999999969e+0
4.779999999999968e+0
4.799999999999968e+0
4.819999999999967e+0
4.839999999999967e+0
4.859999999999967e+0
4.879999999999966e+0
4.899999999999966e+0
4.919999999999965e+0
4.939999999999965e+0
4.959999999999964e+0
4.979999999999964e+0
4.999999999999964e+0
5.019999999999963e+0
5.039999999999963e+0
5.059999999999962e+0
5.079999999999962e+0
5.099999999999961e+0
5.119999999999961e+0
5.139999999999961e+0
5.159999999999960e+0
5.179999999999960e+0
5.199999999999959e+0
5.219999999999959e+0
5.239999999999958e+0
5.259999999999958e+0
5.279999999999958e+0
5.299999999999957e+0
5.319999999999957e+0
5.339999999999956e+0
5.359999999999956e+0
5.379999999999955e+0
5.399999999999955e+0
5.419999999999955e+0
5.439999999999954e+0
5.459999999999954e+0
5.479999999999953e+0
5.499999999999953e+0
5.519999999999953e+0
5.539999999999952e+0
5.559999999999952e+0
5.579999999999951e+0
5.599999999999951e+0
5.619999999999950e+0
5.639999999999950e+0
5.659999999999950e+0
5.679999999999949e+0
5.699999999999949e+0
5.719999999999948e+0
5.739999999999948e+0
5.759999999999947e+0
5.779999999999947e+0
5.799999999999947e+0
5.819999999999946e+0
5.839999999999946e+0
5.859999999999945e+0
5.879999999999945e+0
5.899999999999944e+0
5.919999999999944e+0
5.939999999999944e+0
5.959999999999943e+0
5.979999999999943e+0
5.999999999999942e+0
6.019999999999942e+0
6.039999999999941e+0
6.059999999999941e+0
6.079999999999941e+0
6.099999999999940e+0
6.119999999999940e+0
6.139999999999939e+0
6.159999999999939e+0
6.179999999999938e+0
6.199999999999938e+0
6.219999999999938e+0
6.239999999999937e+0
6.259999999999937e+0
6.279999999999936e+0
6.299999999999936e+0
6.319999999999935e+0
6.339999999999935e+0
6.359999999999935e+0
6.379999999999934e+0
6.399999999999934e+0
6.419999999999933e+0
6.439999999999933e+0
6.459999999999932e+0
6.479999999999932e+0
6.499999999999932e+0
6.519999999999931e+0
6.539999999999931e+0
6.559999999999930e+0
6.579999999999930e+0
6.599999999999929e+0
6.619999999999929e+0
6.639999999999929e+0
6.659999999999928e+0
6.679999999999928e+0
6.699999999999927e+0
6.719999999999927e+0
6.739999999999926e+0
6.759999999999926e+0
6.779999999999926e+0
6.799999999999925e+0
6.819999999999925e+0
6.839999999999924e+0
6.859999999999924e+0
6.879999999999924e+0
6.899999999999923e+0
6.919999999999923e+0
6.939999999999922e+0
6.959999999999922e+0
6.979999999999921e+0
6.999999999999921e+0
7.019999999999921e+0
7.039999999999920e+0
7.059999999999920e+0
7.079999999999919e+0
7.099999999999919e+0
7.119999999999918e+0
7.139999999999918e+0
7.159999999999918e+0
7.179999999999917e+0
7.199999999999917e+0
7.219999999999916e+0
7.239999999999916e+0
7.259999999999915e+0
7.279999999999915e+0
7.299999999999915e+0
7.319999999999914e+0
7.339999999999914e+0
7.359999999999913e+0
7.379999999999913e+0
7.399999999999912e+0
7.419999999999912e+0
7.439999999999912e+0
7.459999999999911e+0
7.479999999999911e+0
7.499999999999910e+0
7.519999999999910e+0
7.539999999999909e+0
7.559999999999909e+0
7.579999999999909e+0
7.599999999999908e+0
7.619999999999908e+0
7.639999999999907e+0
7.659999999999907e+0
7.679999999999906e+0
7.699999999999906e+0
7.719999999999906e+0
7.739999999999905e+0
7.759999999999905e+0
7.779999999999904e+0
7.799999999999904e+0
7.819999999999903e+0
7.839999999999903e+0
7.859999999999903e+0
7.879999999999902e+0
7.899999999999902e+0
7.919999999999901e+0
7.939999999999901e+0
7.959999999999900e+0
7.979999999999900e+0
7.999999999999900e+0
8.019999999999900e+0
8.039999999999900e+0
8.059999999999899e+0
8.079999999999899e+0
8.099999999999898e+0
8.119999999999898e+0
8.139999999999898e+0
8.159999999999897e+0
8.179999999999897e+0
8.199999999999896e+0
8.219999999999896e+0
8.239999999999895e+0
8.259999999999895e+0
8.279999999999895e+0
8.299999999999894e+0
8.319999999999894e+0
8.339999999999893e+0
8.359999999999893e+0
8.379999999999892e+0
8.399999999999892e+0
8.419999999999892e+0
8.439999999999891e+0
8.459999999999891e+0
8.479999999999890e+0
8.499999999999890e+0
8.519999999999889e+0
8.539999999999889e+0
8.559999999999889e+0
8.579999999999888e+0
8.599999999999888e+0
8.619999999999887e+0
8.639999999999887e+0
8.659999999999886e+0
8.679999999999886e+0
8.699999999999886e+0
8.719999999999885e+0
8.739999999999885e+0
8.759999999999884e+0
8.779999999999884e+0
8.799999999999883e+0
8.819999999999883e+0
8.839999999999883e+0
8.859999999999882e+0
8.879999999999882e+0
8.899999999999881e+0
8.919999999999881e+0
8.939999999999880e+0
8.959999999999880e+0
8.979999999999880e+0
8.999999999999879e+0
9.019999999999879e+0
9.039999999999878e+0
9.059999999999878e+0
9.079999999999878e+0
9.099999999999877e+0
9.119999999999877e+0
9.139999999999876e+0
9.159999999999876e+0
9.179999999999875e+0
9.199999999999875e+0
9.219999999999875e+0
9.239999999999874e+0
9.259999999999874e+0
9.279999999999873e+0
9.299999999999873e+0
9.319999999999872e+0
9.339999999999872e+0
9.359999999999872e+0
9.379999999999871e+0
9.399999999999871e+0
9.419999999999870e+0
9.439999999999870e+0
9.459999999999869e+0
9.479999999999869e+0
9.499999999999869e+0
9.519999999999868e+0
9.539999999999868e+0
9.559999999999867e+0
9.579999999999867e+0
9.599999999999866e+0
9.619999999999866e+0
9.639999999999866e+0
9.659999999999865e+0
9.679999999999865e+0
9.699999999999864e+0
9.719999999999864e+0
9.739999999999863e+0
9.759999999999863e+0
9.779999999999863e+0
9.799999999999862e+0
9.819999999999862e+0
9.839999999999861e+0
9.859999999999861e+0
9.879999999999860e+0
9.899999999999860e+0
9.919999999999860e+0
9.939999999999859e+0
9.959999999999859e+0
9.979999999999858e+0
9.999999999999858e+0
1.001999999999986e+1
1.003999999999986e+1
1.005999999999986e+1
1.007999999999986e+1
1.009999999999986e+1
1.011999999999986e+1
1.013999999999985e+1
1.015999999999985e+1
1.017999999999985e+1
1.019999999999985e+1
1.021999999999985e+1
1.023999999999985e+1
1.025999999999985e+1
1.027999999999985e+1
1.029999999999985e+1
1.031999999999985e+1
1.033999999999985e+1
1.035999999999985e+1
1.037999999999985e+1
1.039999999999985e+1
1.041999999999985e+1
1.043999999999985e+1
1.045999999999985e+1
1.047999999999985e+1
1.049999999999985e+1
1.051999999999985e+1
1.053999999999985e+1
1.055999999999985e+1
1.057999999999985e+1
1.059999999999985e+1
1.061999999999984e+1
1.063999999999984e+1
1.065999999999984e+1
1.067999999999984e+1
1.069999999999984e+1
1.071999999999984e+1
1.073999999999984e+1
1.075999999999984e+1
1.077999999999984e+1
1.079999999999984e+1
1.081999999999984e+1
1.083999999999984e+1
1.085999999999984e+1
1.087999999999984e+1
1.089999999999984e+1
1.091999999999984e+1
1.093999999999984e+1
1.095999999999984e+1
1.097999999999984e+1
1.099999999999984e+1
1.101999999999984e+1
1.103999999999984e+1
1.105999999999984e+1
1.107999999999983e+1
1.109999999999983e+1
1.111999999999983e+1
1.113999999999983e+1
1.115999999999983e+1
1.117999999999983e+1
1.119999999999983e+1
1.121999999999983e+1
1.123999999999983e+1
1.125999999999983e+1
1.127999999999983e+1
1.129999999999983e+1
1.131999999999983e+1
1.133999999999983e+1
1.135999999999983e+1
1.137999999999983e+1
1.139999999999983e+1
1.141999999999983e+1
1.143999999999983e+1
1.145999999999983e+1
1.147999999999983e+1
1.149999999999983e+1
1.151999999999983e+1
1.153999999999983e+1
1.155999999999982e+1
1.157999999999982e+1
1.159999999999982e+1
1.161999999999982e+1
1.163999999999982e+1
1.165999999999982e+1
1.167999999999982e+1
1.169999999999982e+1
1.171999999999982e+1
1.173999999999982e+1
1.175999999999982e+1
1.177999999999982e+1
1.179999999999982e+1
1.181999999999982e+1
1.183999999999982e+1
1.185999999999982e+1
1.187999999999982e+1
1.189999999999982e+1
1.191999999999982e+1
1.193999999999982e+1
1.195999999999982e+1
1.197999999999982e+1
1.199999999999982e+1
1.201999999999981e+1
1.203999999999981e+1
1.205999999999981e+1
1.207999999999981e+1
1.209999999999981e+1
1.211999999999981e+1
1.213999999999981e+1
1.215999999999981e+1
1.217999999999981e+1
1.219999999999981e+1
1.221999999999981e+1
1.223999999999981e+1
1.225999999999981e+1
1.227999999999981e+1
1.229999999999981e+1
1.231999999999981e+1
1.233999999999981e+1
1.235999999999981e+1
1.237999999999981e+1
1.239999999999981e+1
1.241999999999981e+1
1.243999999999981e+1
1.245999999999981e+1
1.247999999999981e+1
1.249999999999980e+1
1.251999999999980e+1
1.253999999999980e+1
1.255999999999980e+1
1.257999999999980e+1
1.259999999999980e+1
1.261999999999980e+1
1.263999999999980e+1
1.265999999999980e+1
1.267999999999980e+1
1.269999999999980e+1
1.271999999999980e+1
1.273999999999980e+1
1.275999999999980e+1
1.277999999999980e+1
1.279999999999980e+1
1.281999999999980e+1
1.283999999999980e+1
1.285999999999980e+1
1.287999999999980e+1
1.289999999999980e+1
1.291999999999980e+1
1.293999999999980e+1
1.295999999999979e+1
1.297999999999979e+1
1.299999999999979e+1
1.301999999999979e+1
1.303999999999979e+1
1.305999999999979e+1
1.307999999999979e+1
1.309999999999979e+1
1.311999999999979e+1
1.313999999999979e+1
1.315999999999979e+1
1.317999999999979e+1
1.319999999999979e+1
1.321999999999979e+1
1.323999999999979e+1
1.325999999999979e+1
1.327999999999979e+1
1.329999999999979e+1
1.331999999999979e+1
1.333999999999979e+1
1.335999999999979e+1
1.337999999999979e+1
1.339999999999979e+1
1.341999999999978e+1
1.343999999999978e+1
1.345999999999978e+1
1.347999999999978e+1
1.349999999999978e+1
1.351999999999978e+1
1.353999999999978e+1
1.355999999999978e+1
1.357999999999978e+1
1.359999999999978e+1
1.361999999999978e+1
1.363999999999978e+1
1.365999999999978e+1
1.367999999999978e+1
1.369999999999978e+1
1.371999999999978e+1
1.373999999999978e+1
1.375999999999978e+1
1.377999999999978e+1
1.379999999999978e+1
1.381999999999978e+1
1.383999999999978e+1
1.385999999999978e+1
1.387999999999978e+1
1.389999999999977e+1
1.391999999999977e+1
1.393999999999977e+1
1.395999999999977e+1
1.397999999999977e+1
1.399999999999977e+1
1.401999999999977e+1
1.403999999999977e+1
1.405999999999977e+1
1.407999999999977e+1
1.409999999999977e+1
1.411999999999977e+1
1.413999999999977e+1
1.415999999999977e+1
1.417999999999977e+1
1.419999999999977e+1
1.421999999999977e+1
1.423999999999977e+1
1.425999999999977e+1
1.427999999999977e+1
1.429999999999977e+1
1.431999999999977e+1
1.433999999999977e+1
1.435999999999976e+1
1.437999999999976e+1
1.439999999999976e+1
1.441999999999976e+1
1.443999999999976e+1
1.445999999999976e+1
1.447999999999976e+1
1.449999999999976e+1
1.451999999999976e+1
1.453999999999976e+1
1.455999999999976e+1
1.457999999999976e+1
1.459999999999976e+1
1.461999999999976e+1
1.463999999999976e+1
1.465999999999976e+1
1.467999999999976e+1
1.469999999999976e+1
1.471999999999976e+1
1.473999999999976e+1
1.475999999999976e+1
1.477999999999976e+1
1.479999999999976e+1
1.481999999999976e+1
1.483999999999975e+1
1.485999999999975e+1
1.487999999999975e+1
1.489999999999975e+1
1.491999999999975e+1
1.493999999999975e+1
1.495999999999975e+1
1.497999999999975e+1
1.499999999999975e+1
1.501999999999975e+1
1.503999999999975e+1
1.505999999999975e+1
1.507999999999975e+1
1.509999999999975e+1
1.511999999999975e+1
1.513999999999975e+1
1.515999999999975e+1
1.517999999999975e+1
1.519999999999975e+1
1.521999999999975e+1
1.523999999999975e+1
1.525999999999975e+1
1.527999999999975e+1
1.529999999999974e+1
1.531999999999974e+1
1.533999999999974e+1
1.535999999999974e+1
1.537999999999974e+1
1.539999999999974e+1
1.541999999999974e+1
1.543999999999974e+1
1.545999999999974e+1
1.547999999999974e+1
1.549999999999974e+1
1.551999999999974e+1
1.553999999999974e+1
1.555999999999974e+1
1.557999999999974e+1
1.559999999999974e+1
1.561999999999974e+1
1.563999999999974e+1
1.565999999999974e+1
1.567999999999974e+1
1.569999999999974e+1
1.571999999999974e+1
1.573999999999974e+1
1.575999999999974e+1
1.577999999999973e+1
1.579999999999973e+1
1.581999999999973e+1
1.583999999999973e+1
1.585999999999973e+1
1.587999999999973e+1
1.589999999999973e+1
1.591999999999973e+1
1.593999999999973e+1
1.595999999999973e+1
1.597999999999973e+1
1.599999999999973e+1
1.601999999999973e+1
1.603999999999973e+1
1.605999999999973e+1
1.607999999999973e+1
1.609999999999973e+1
1.611999999999973e+1
1.613999999999973e+1
1.615999999999973e+1
1.617999999999973e+1
1.619999999999973e+1
1.621999999999973e+1
1.623999999999972e+1
1.625999999999972e+1
1.627999999999972e+1
1.629999999999972e+1
1.631999999999972e+1
1.633999999999972e+1
1.635999999999972e+1
1.637999999999972e+1
1.639999999999972e+1
1.641999999999972e+1
1.643999999999972e+1
1.645999999999972e+1
1.647999999999972e+1
1.649999999999972e+1
1.651999999999972e+1
1.653999999999972e+1
1.655999999999972e+1
1.657999999999972e+1
1.659999999999972e+1
1.661999999999972e+1
1.663999999999972e+1
1.665999999999972e+1
1.667999999999972e+1
1.669999999999972e+1
1.671999999999971e+1
1.673999999999971e+1
1.675999999999971e+1
1.677999999999971e+1
1.679999999999971e+1
1.681999999999971e+1
1.683999999999971e+1
1.685999999999971e+1
1.687999999999971e+1
1.689999999999971e+1
1.691999999999971e+1
1.693999999999971e+1
1.695999999999971e+1
1.697999999999971e+1
1.699999999999971e+1
1.701999999999971e+1
1.703999999999971e+1
1.705999999999971e+1
1.707999999999971e+1
1.709999999999971e+1
1.711999999999971e+1
1.713999999999971e+1
1.715999999999971e+1
1.717999999999970e+1
1.719999999999970e+1
1.721999999999970e+1
1.723999999999970e+1
1.725999999999970e+1
1.727999999999970e+1
1.729999999999970e+1
1.731999999999970e+1
1.733999999999970e+1
1.735999999999970e+1
1.737999999999970e+1
1.739999999999970e+1
1.741999999999970e+1
1.743999999999970e+1
1.745999999999970e+1
1.747999999999970e+1
1.749999999999970e+1
1.751999999999970e+1
1.753999999999970e+1
1.755999999999970e+1
1.757999999999970e+1
1.759999999999970e+1
1.761999999999970e+1
1.763999999999970e+1
1.765999999999969e+1
1.767999999999969e+1
1.769999999999969e+1
1.771999999999969e+1
1.773999999999969e+1
1.775999999999969e+1
1.777999999999969e+1
1.779999999999969e+1
1.781999999999969e+1
1.783999999999969e+1
1.785999999999969e+1
1.787999999999969e+1
1.789999999999969e+1
1.791999999999969e+1
1.793999999999969e+1
1.795999999999969e+1
1.797999999999969e+1
1.799999999999969e+1
1.801999999999969e+1
1.803999999999969e+1
1.805999999999969e+1
1.807999999999969e+1
1.809999999999969e+1
1.811999999999968e+1
1.813999999999968e+1
1.815999999999968e+1
1.817999999999968e+1
1.819999999999968e+1
1.821999999999968e+1
1.823999999999968e+1
1.825999999999968e+1
1.827999999999968e+1
1.829999999999968e+1
1.831999999999968e+1
1.833999999999968e+1
1.835999999999968e+1
1.837999999999968e+1
1.839999999999968e+1
1.841999999999968e+1
1.843999999999968e+1
1.845999999999968e+1
1.847999999999968e+1
1.849999999999968e+1
1.851999999999968e+1
1.853999999999968e+1
1.855999999999968e+1
1.857999999999967e+1
1.859999999999967e+1
1.861999999999967e+1
1.863999999999967e+1
1.865999999999967e+1
1.867999999999967e+1
1.869999999999967e+1
1.871999999999967e+1
1.873999999999967e+1
1.875999999999967e+1
1.877999999999967e+1
1.879999999999967e+1
1.881999999999967e+1
1.883999999999967e+1
1.885999999999967e+1
1.887999999999967e+1
1.889999999999967e+1
1.891999999999967e+1
1.893999999999967e+1
1.895999999999967e+1
1.897999999999967e+1
1.899999999999967e+1
1.901999999999967e+1
1.903999999999967e+1
1.905999999999966e+1
1.907999999999966e+1
1.909999999999966e+1
1.911999999999966e+1
1.913999999999966e+1
1.915999999999966e+1
1.917999999999966e+1
1.919999999999966e+1
1.921999999999966e+1
1.923999999999966e+1
1.925999999999966e+1
1.927999999999966e+1
1.929999999999966e+1
1.931999999999966e+1
1.933999999999966e+1
1.935999999999966e+1
1.937999999999966e+1
1.939999999999966e+1
1.941999999999966e+1
1.943999999999966e+1
1.945999999999966e+1
1.947999999999966e+1
1.949999999999966e+1
1.951999999999965e+1
1.953999999999965e+1
1.955999999999965e+1
1.957999999999965e+1
1.959999999999965e+1
1.961999999999965e+1
1.963999999999965e+1
1.965999999999965e+1
1.967999999999965e+1
1.969999999999965e+1
1.971999999999965e+1
1.973999999999965e+1
1.975999999999965e+1
1.977999999999965e+1
1.979999999999965e+1
1.981999999999965e+1
1.983999999999965e+1
1.985999999999965e+1
1.987999999999965e+1
1.989999999999965e+1
1.991999999999965e+1
1.993999999999965e+1
1.995999999999965e+1
1.997999999999965e+1
2.000000000000000e+1