241
-3.600000000000000e+0
-3.399806178550852e+0
-3.222372595519305e+0
-3.065129106611972e+0
-2.925792024322304e+0
-2.802333005887371e+0
-2.692951142750734e+0
-2.596047961483944e+0
-2.510205063263448e+0
-2.434164147507329e+0
-2.366809184316558e+0
-2.307150519334965e+0
-2.254310713114925e+0
-2.207511934761608e+0
-2.166064746341186e+0
-2.129358130169056e+0
-2.096850625592233e+0
-2.068062455236659e+0
-2.042568532926498e+0
-2.019992256639960e+0
-2.000000000000000e+0
-1.980000000000000e+0
-1.960000000000000e+0
-1.940000000000000e+0
-1.920000000000000e+0
-1.900000000000000e+0
-1.880000000000000e+0
-1.860000000000000e+0
-1.840000000000000e+0
-1.820000000000000e+0
-1.800000000000000e+0
-1.780000000000000e+0
-1.760000000000000e+0
-1.740000000000000e+0
-1.720000000000000e+0
-1.700000000000000e+0
-1.680000000000000e+0
-1.660000000000000e+0
-1.640000000000000e+0
-1.620000000000000e+0
-1.600000000000000e+0
-1.580000000000000e+0
-1.560000000000000e+0
-1.540000000000000e+0
-1.520000000000000e+0
-1.500000000000000e+0
-1.480000000000000e+0
-1.460000000000000e+0
-1.440000000000000e+0
-1.419999999999999e+0
-1.399999999999999e+0
-1.379999999999999e+0
-1.359999999999999e+0
-1.339999999999999e+0
-1.319999999999999e+0
-1.299999999999999e+0
-1.279999999999999e+0
-1.259999999999999e+0
-1.239999999999999e+0
-1.219999999999999e+0
-1.199999999999999e+0
-1.179999999999999e+0
-1.159999999999999e+0
-1.139999999999999e+0
-1.119999999999999e+0
-1.099999999999999e+0
-1.079999999999999e+0
-1.059999999999999e+0
-1.039999999999999e+0
-1.019999999999999e+0
-9.999999999999991e-1
-9.799999999999991e-1
-9.599999999999991e-1
-9.399999999999991e-1
-9.199999999999990e-1
-8.999999999999990e-1
-8.799999999999990e-1
-8.599999999999990e-1
-8.399999999999990e-1
-8.199999999999990e-1
-7.999999999999989e-1
-7.799999999999989e-1
-7.599999999999989e-1
-7.399999999999989e-1
-7.199999999999989e-1
-6.999999999999988e-1
-6.799999999999988e-1
-6.599999999999988e-1
-6.399999999999988e-1
-6.199999999999988e-1
-5.999999999999988e-1
-5.799999999999987e-1
-5.599999999999987e-1
-5.399999999999987e-1
-5.199999999999987e-1
-4.999999999999987e-1
-4.799999999999986e-1
-4.599999999999986e-1
-4.399999999999986e-1
-4.199999999999986e-1
-3.999999999999986e-1
-3.799999999999986e-1
-3.599999999999985e-1
-3.399999999999985e-1
-3.199999999999985e-1
-2.999999999999985e-1
-2.799999999999985e-1
-2.599999999999985e-1
-2.399999999999985e-1
-2.199999999999985e-1
-1.999999999999985e-1
-1.799999999999985e-1
-1.599999999999985e-1
-1.399999999999985e-1
-1.199999999999985e-1
-9.999999999999851e-2
-7.999999999999850e-2
-5.999999999999850e-2
-3.999999999999850e-2
-1.999999999999849e-2
1.505739977147869e-15
2.000000000000151e-2
4.000000000000151e-2
6.000000000000151e-2
8.000000000000151e-2
1.000000000000015e-1
1.200000000000015e-1
1.400000000000015e-1
1.600000000000015e-1
1.800000000000015e-1
2.000000000000015e-1
2.200000000000015e-1
2.400000000000015e-1
2.600000000000015e-1
2.800000000000015e-1
3.000000000000015e-1
3.200000000000015e-1
3.400000000000015e-1
3.600000000000015e-1
3.800000000000016e-1
4.000000000000016e-1
4.200000000000016e-1
4.400000000000016e-1
4.600000000000016e-1
4.800000000000016e-1
5.000000000000017e-1
5.200000000000017e-1
5.400000000000017e-1
5.600000000000017e-1
5.800000000000017e-1
6.000000000000018e-1
6.200000000000018e-1
6.400000000000018e-1
6.600000000000018e-1
6.800000000000018e-1
7.000000000000018e-1
7.200000000000019e-1
7.400000000000019e-1
7.600000000000019e-1
7.800000000000019e-1
8.000000000000019e-1
8.200000000000019e-1
8.400000000000020e-1
8.600000000000020e-1
8.800000000000020e-1
9.000000000000020e-1
9.200000000000020e-1
9.400000000000021e-1
9.600000000000021e-1
9.800000000000021e-1
1.000000000000002e+0
1.020000000000002e+0
1.040000000000002e+0
1.060000000000002e+0
1.080000000000002e+0
1.100000000000002e+0
1.120000000000002e+0
1.140000000000002e+0
1.160000000000002e+0
1.180000000000002e+0
1.200000000000002e+0
1.220000000000002e+0
1.240000000000002e+0
1.260000000000002e+0
1.280000000000002e+0
1.300000000000002e+0
1.320000000000002e+0
1.340000000000002e+0
1.360000000000002e+0
1.380000000000002e+0
1.400000000000002e+0
1.420000000000002e+0
1.440000000000002e+0
1.460000000000002e+0
1.480000000000002e+0
1.500000000000002e+0
1.520000000000002e+0
1.540000000000002e+0
1.560000000000002e+0
1.580000000000003e+0
1.600000000000003e+0
1.620000000000003e+0
1.640000000000003e+0
1.660000000000003e+0
1.680000000000003e+0
1.700000000000003e+0
1.720000000000003e+0
1.740000000000003e+0
1.760000000000003e+0
1.780000000000003e+0
1.800000000000003e+0
1.820000000000003e+0
1.840000000000003e+0
1.860000000000003e+0
1.880000000000003e+0
1.900000000000003e+0
1.920000000000003e+0
1.940000000000003e+0
1.960000000000003e+0
1.980000000000003e+0
2.000000000000000e+0
2.019992256639960e+0
2.042568532926498e+0
2.068062455236660e+0
2.096850625592234e+0
2.129358130169057e+0
2.166064746341187e+0
2.207511934761609e+0
2.254310713114926e+0
2.307150519334967e+0
2.366809184316560e+0
2.434164147507330e+0
2.510205063263450e+0
2.596047961483947e+0
2.692951142750736e+0
2.802333005887372e+0
2.925792024322306e+0
3.065129106611974e+0
3.222372595519307e+0
3.399806178550853e+0
3.600000000000000e+0