431
-5.000000000000000e+0
-4.649973033636378e+0
-4.320243068043579e+0
-4.011210665165762e+0
-3.722955708041044e+0
-3.455275802864488e+0
-3.207728203752457e+0
-2.979672754644010e+0
-2.770313795570819e+0
-2.578739476314531e+0
-2.403957405189046e+0
-2.244925996720642e+0
-2.100581247557602e+0
-1.969858956498986e+0
-1.851712613435948e+0
-1.745127321025138e+0
-1.649130193287724e+0
-1.562797709428761e+0
-1.485260500958662e+0
-1.415706026268317e+0
-1.353379547953392e+0
-1.297583781291715e+0
-1.247677532464084e+0
-1.203073595950962e+0
-1.163236134362729e+0
-1.127677722129728e+0
-1.095956197637562e+0
-1.067671436691061e+0
-1.042462133445984e+0
-1.020002652780224e+0
-1.000000000000000e+0
-9.800000000000000e-1
-9.600000000000000e-1
-9.399999999999999e-1
-9.199999999999999e-1
-8.999999999999999e-1
-8.799999999999999e-1
-8.599999999999999e-1
-8.399999999999999e-1
-8.199999999999998e-1
-7.999999999999998e-1
-7.799999999999998e-1
-7.599999999999998e-1
-7.399999999999998e-1
-7.199999999999998e-1
-6.999999999999997e-1
-6.799999999999997e-1
-6.599999999999997e-1
-6.399999999999997e-1
-6.199999999999997e-1
-5.999999999999996e-1
-5.799999999999996e-1
-5.599999999999996e-1
-5.399999999999996e-1
-5.199999999999996e-1
-4.999999999999996e-1
-4.799999999999995e-1
-4.599999999999995e-1
-4.399999999999995e-1
-4.199999999999995e-1
-3.999999999999995e-1
-3.799999999999994e-1
-3.599999999999994e-1
-3.399999999999994e-1
-3.199999999999994e-1
-2.999999999999994e-1
-2.799999999999994e-1
-2.599999999999993e-1
-2.399999999999994e-1
-2.199999999999994e-1
-1.999999999999994e-1
-1.799999999999994e-1
-1.599999999999994e-1
-1.399999999999994e-1
-1.199999999999994e-1
-9.999999999999939e-2
-7.999999999999939e-2
-5.999999999999939e-2
-3.999999999999938e-2
-1.999999999999938e-2
6.175615574477433e-16
2.000000000000062e-2
4.000000000000062e-2
6.000000000000062e-2
8.000000000000063e-2
1.000000000000006e-1
1.200000000000006e-1
1.400000000000006e-1
1.600000000000006e-1
1.800000000000006e-1
2.000000000000006e-1
2.200000000000006e-1
2.400000000000006e-1
2.600000000000006e-1
2.800000000000006e-1
3.000000000000006e-1
3.200000000000006e-1
3.400000000000006e-1
3.600000000000007e-1
3.800000000000007e-1
4.000000000000007e-1
4.200000000000007e-1
4.400000000000007e-1
4.600000000000007e-1
4.800000000000008e-1
5.000000000000008e-1
5.200000000000008e-1
5.400000000000008e-1
5.600000000000008e-1
5.800000000000008e-1
6.000000000000009e-1
6.200000000000009e-1
6.400000000000009e-1
6.600000000000009e-1
6.800000000000009e-1
7.000000000000010e-1
7.200000000000010e-1
7.400000000000010e-1
7.600000000000010e-1
7.800000000000010e-1
8.000000000000010e-1
8.200000000000011e-1
8.400000000000011e-1
8.600000000000011e-1
8.800000000000011e-1
9.000000000000011e-1
9.200000000000012e-1
9.400000000000012e-1
9.600000000000012e-1
9.800000000000012e-1
1.000000000000001e+0
1.020000000000001e+0
1.040000000000001e+0
1.060000000000001e+0
1.080000000000001e+0
1.100000000000001e+0
1.120000000000001e+0
1.140000000000001e+0
1.160000000000001e+0
1.180000000000001e+0
1.200000000000001e+0
1.220000000000001e+0
1.240000000000001e+0
1.260000000000001e+0
1.280000000000001e+0
1.300000000000001e+0
1.320000000000001e+0
1.340000000000001e+0
1.360000000000001e+0
1.380000000000001e+0
1.400000000000001e+0
1.420000000000001e+0
1.440000000000002e+0
1.460000000000002e+0
1.480000000000002e+0
1.500000000000002e+0
1.520000000000002e+0
1.540000000000002e+0
1.560000000000002e+0
1.580000000000002e+0
1.600000000000002e+0
1.620000000000002e+0
1.640000000000002e+0
1.660000000000002e+0
1.680000000000002e+0
1.700000000000002e+0
1.720000000000002e+0
1.740000000000002e+0
1.760000000000002e+0
1.780000000000002e+0
1.800000000000002e+0
1.820000000000002e+0
1.840000000000002e+0
1.860000000000002e+0
1.880000000000002e+0
1.900000000000002e+0
1.920000000000002e+0
1.940000000000002e+0
1.960000000000002e+0
1.980000000000002e+0
2.000000000000000e+0
2.020004269133193e+0
2.040268700102052e+0
2.060796377661852e+0
2.081590414998110e+0
2.102653953758881e+0
2.123990164079334e+0
2.145602244598340e+0
2.167493422466814e+0
2.189666953347553e+0
2.212126121406285e+0
2.234874239293661e+0
2.257914648117917e+0
2.281250717407899e+0
2.304885845066182e+0
2.328823457311984e+0
2.353067008613553e+0
2.377619981609764e+0
2.402485887020571e+0
2.427668263546034e+0
2.453170677753585e+0
2.478996723953216e+0
2.505150024060259e+0
2.531634227445424e+0
2.558453010771765e+0
2.585610077818225e+0
2.613109159289418e+0
2.640954012611304e+0
2.669148421712394e+0
2.697696196790131e+0
2.726601174062101e+0
2.755867215501672e+0
2.785498208557748e+0
2.815498065858206e+0
2.845870724896697e+0
2.876620147702390e+0
2.907750320492305e+0
2.939265253305847e+0
2.971168979621142e+0
3.003465555952810e+0
3.036159061430770e+0
3.069253597359687e+0
3.102753286758672e+0
3.136662273880849e+0
3.170984723712376e+0
3.205724821450543e+0
3.240886771960541e+0
3.276474799210509e+0
3.312493145684466e+0
3.348946071772738e+0
3.385837855139475e+0
3.423172790066876e+0
3.460955186775734e+0
3.499189370721902e+0
3.537879681868318e+0
3.577030473932174e+0
3.616646113606891e+0
3.656730979758493e+0
3.697289462596039e+0
3.738325962815715e+0
3.779844890718279e+0
3.821850665299450e+0
3.864347713312946e+0
3.907340468305804e+0
3.950833369625658e+0
3.994830861399675e+0
4.039337391484802e+0
4.084357410389059e+0
4.129895370163558e+0
4.175955723265010e+0
4.222542921388380e+0
4.269661414269537e+0
4.317315648457551e+0
4.365510066056506e+0
4.414249103436546e+0
4.463537189914000e+0
4.513378746400385e+0
4.563778184020155e+0
4.614739902697000e+0
4.666268289708633e+0
4.718367718209912e+0
4.771042545724240e+0
4.824297112603171e+0
4.878135740454187e+0
4.932562730536629e+0
4.987582362125785e+0
5.043198890845181e+0
5.099416546967126e+0
5.156239533681599e+0
5.213672025333585e+0
5.271718165629041e+0
5.330382065809609e+0
5.389667802796327e+0
5.449579417302552e+0
5.510120911916387e+0
5.571296249152855e+0
5.633109349476269e+0
5.695564089293038e+0
5.758664298915426e+0
5.822413760496636e+0
5.886816205937773e+0
5.951875314767129e+0
6.017594711992425e+0
6.083977965926570e+0
6.151028585987611e+0
6.218750020473514e+0
6.287145654312583e+0
6.356218806790196e+0
6.425972729252765e+0
6.496410602789726e+0
6.567535535894477e+0
6.639350562105241e+0
6.711858637626812e+0
6.785062638934294e+0
6.858965360359861e+0
6.933569511663733e+0
7.008877715590523e+0
7.084892505412209e+0
7.161616322459056e+0
7.239051513639734e+0
7.317200328952113e+0
7.396064918986119e+0
7.475647332420166e+0
7.555949513512626e+0
7.636973299590042e+0
7.718720418533578e+0
7.801192486265469e+0
7.884391004237211e+0
7.968317356921163e+0
8.052972809307470e+0
8.138358504408158e+0
8.224475460770282e+0
8.311324570000068e+0
8.398906594300103e+0
8.487222164021567e+0
8.576271775233591e+0
8.666055787311823e+0
8.756574420548485e+0
8.847827753785921e+0
8.939815722076027e+0
9.032538114367764e+0
9.125994571225004e+0
9.220184582577062e+0
9.315107485504356e+0
9.410762462061339e+0
9.507148537139365e+0
9.604264576371728e+0
9.702109284083342e+0
9.800681201287576e+0
9.899978703732627e+0
1.000000000000000e+1
1.010000000000000e+1
1.020000000000000e+1
1.030000000000000e+1
1.040000000000000e+1
1.050000000000000e+1
1.060000000000000e+1
1.070000000000000e+1
1.080000000000000e+1
1.090000000000000e+1
1.100000000000000e+1
1.110000000000000e+1
1.120000000000000e+1
1.130000000000000e+1
1.140000000000000e+1
1.149999999999999e+1
1.159999999999999e+1
1.169999999999999e+1
1.179999999999999e+1
1.189999999999999e+1
1.199999999999999e+1
1.209999999999999e+1
1.219999999999999e+1
1.229999999999999e+1
1.239999999999999e+1
1.249999999999999e+1
1.259999999999999e+1
1.269999999999999e+1
1.279999999999999e+1
1.289999999999999e+1
1.299999999999999e+1
1.309999999999999e+1
1.319999999999999e+1
1.329999999999999e+1
1.339999999999999e+1
1.349999999999999e+1
1.359999999999999e+1
1.369999999999999e+1
1.379999999999999e+1
1.389999999999999e+1
1.399999999999999e+1
1.409999999999999e+1
1.419999999999999e+1
1.429999999999998e+1
1.439999999999998e+1
1.449999999999998e+1
1.459999999999998e+1
1.469999999999998e+1
1.479999999999998e+1
1.489999999999998e+1
1.499999999999998e+1
1.509999999999998e+1
1.519999999999998e+1
1.529999999999998e+1
1.539999999999998e+1
1.549999999999998e+1
1.559999999999998e+1
1.569999999999998e+1
1.579999999999998e+1
1.589999999999998e+1
1.599999999999998e+1
1.609999999999998e+1
1.619999999999998e+1
1.629999999999998e+1
1.639999999999998e+1
1.649999999999999e+1
1.659999999999999e+1
1.669999999999999e+1
1.679999999999999e+1
1.689999999999999e+1
1.699999999999999e+1
1.709999999999999e+1
1.720000000000000e+1
1.730000000000000e+1
1.740000000000000e+1
1.750000000000000e+1
1.760000000000000e+1
1.770000000000000e+1
1.780000000000000e+1
1.790000000000001e+1
1.800000000000001e+1
1.810000000000001e+1
1.820000000000001e+1
1.830000000000001e+1
1.840000000000001e+1
1.850000000000001e+1
1.860000000000002e+1
1.870000000000002e+1
1.880000000000002e+1
1.890000000000002e+1
1.900000000000002e+1
1.910000000000002e+1
1.920000000000002e+1
1.930000000000003e+1
1.940000000000003e+1
1.950000000000003e+1
1.960000000000003e+1
1.970000000000003e+1
1.980000000000003e+1
1.990000000000003e+1
2.000000000000000e+1
