901
-4.000000000000000e+0
-3.980000000000000e+0
-3.960000000000000e+0
-3.940000000000000e+0
-3.920000000000000e+0
-3.900000000000000e+0
-3.880000000000000e+0
-3.860000000000000e+0
-3.840000000000000e+0
-3.820000000000000e+0
-3.800000000000000e+0
-3.780000000000000e+0
-3.760000000000000e+0
-3.740000000000000e+0
-3.720000000000000e+0
-3.700000000000000e+0
-3.680000000000000e+0
-3.660000000000000e+0
-3.640000000000000e+0
-3.620000000000000e+0
-3.600000000000000e+0
-3.580000000000000e+0
-3.560000000000000e+0
-3.540000000000000e+0
-3.520000000000000e+0
-3.500000000000000e+0
-3.480000000000000e+0
-3.460000000000000e+0
-3.440000000000000e+0
-3.419999999999999e+0
-3.399999999999999e+0
-3.379999999999999e+0
-3.359999999999999e+0
-3.339999999999999e+0
-3.319999999999999e+0
-3.299999999999999e+0
-3.279999999999999e+0
-3.259999999999999e+0
-3.239999999999999e+0
-3.219999999999999e+0
-3.199999999999999e+0
-3.179999999999999e+0
-3.159999999999999e+0
-3.139999999999999e+0
-3.119999999999999e+0
-3.099999999999999e+0
-3.079999999999999e+0
-3.059999999999999e+0
-3.039999999999999e+0
-3.019999999999999e+0
-2.999999999999999e+0
-2.979999999999999e+0
-2.959999999999999e+0
-2.939999999999999e+0
-2.919999999999999e+0
-2.899999999999999e+0
-2.879999999999999e+0
-2.859999999999999e+0
-2.839999999999999e+0
-2.819999999999999e+0
-2.799999999999999e+0
-2.779999999999999e+0
-2.759999999999999e+0
-2.739999999999999e+0
-2.719999999999999e+0
-2.699999999999999e+0
-2.679999999999999e+0
-2.659999999999999e+0
-2.639999999999999e+0
-2.619999999999999e+0
-2.599999999999999e+0
-2.579999999999999e+0
-2.559999999999999e+0
-2.539999999999999e+0
-2.519999999999999e+0
-2.499999999999999e+0
-2.479999999999999e+0
-2.459999999999999e+0
-2.439999999999999e+0
-2.419999999999999e+0
-2.399999999999999e+0
-2.379999999999999e+0
-2.359999999999999e+0
-2.339999999999999e+0
-2.319999999999999e+0
-2.299999999999998e+0
-2.279999999999998e+0
-2.259999999999998e+0
-2.239999999999998e+0
-2.219999999999998e+0
-2.199999999999998e+0
-2.179999999999998e+0
-2.159999999999998e+0
-2.139999999999998e+0
-2.119999999999998e+0
-2.099999999999998e+0
-2.079999999999998e+0
-2.059999999999998e+0
-2.039999999999998e+0
-2.019999999999998e+0
-1.999999999999998e+0
-1.979999999999998e+0
-1.959999999999998e+0
-1.939999999999998e+0
-1.919999999999998e+0
-1.899999999999998e+0
-1.879999999999998e+0
-1.859999999999998e+0
-1.839999999999998e+0
-1.819999999999998e+0
-1.799999999999998e+0
-1.779999999999998e+0
-1.759999999999998e+0
-1.739999999999998e+0
-1.719999999999998e+0
-1.699999999999998e+0
-1.679999999999998e+0
-1.659999999999998e+0
-1.639999999999998e+0
-1.619999999999998e+0
-1.599999999999998e+0
-1.579999999999998e+0
-1.559999999999998e+0
-1.539999999999998e+0
-1.519999999999998e+0
-1.499999999999998e+0
-1.479999999999998e+0
-1.459999999999998e+0
-1.439999999999998e+0
-1.419999999999998e+0
-1.399999999999998e+0
-1.379999999999998e+0
-1.359999999999998e+0
-1.339999999999998e+0
-1.319999999999998e+0
-1.299999999999998e+0
-1.279999999999998e+0
-1.259999999999998e+0
-1.239999999999998e+0
-1.219999999999998e+0
-1.199999999999998e+0
-1.179999999999997e+0
-1.159999999999997e+0
-1.139999999999997e+0
-1.119999999999997e+0
-1.099999999999997e+0
-1.079999999999997e+0
-1.059999999999997e+0
-1.039999999999997e+0
-1.019999999999997e+0
-9.999999999999973e-1
-9.799999999999973e-1
-9.599999999999973e-1
-9.399999999999973e-1
-9.199999999999973e-1
-8.999999999999972e-1
-8.799999999999972e-1
-8.599999999999972e-1
-8.399999999999972e-1
-8.199999999999972e-1
-7.999999999999972e-1
-7.799999999999971e-1
-7.599999999999971e-1
-7.399999999999971e-1
-7.199999999999971e-1
-6.999999999999971e-1
-6.799999999999971e-1
-6.599999999999970e-1
-6.399999999999970e-1
-6.199999999999970e-1
-5.999999999999970e-1
-5.799999999999970e-1
-5.599999999999969e-1
-5.399999999999969e-1
-5.199999999999969e-1
-4.999999999999969e-1
-4.799999999999969e-1
-4.599999999999969e-1
-4.399999999999968e-1
-4.199999999999968e-1
-3.999999999999968e-1
-3.799999999999968e-1
-3.599999999999968e-1
-3.399999999999967e-1
-3.199999999999967e-1
-2.999999999999967e-1
-2.799999999999967e-1
-2.599999999999967e-1
-2.399999999999967e-1
-2.199999999999967e-1
-1.999999999999967e-1
-1.799999999999967e-1
-1.599999999999967e-1
-1.399999999999967e-1
-1.199999999999967e-1
-9.999999999999673e-2
-7.999999999999673e-2
-5.999999999999672e-2
-3.999999999999672e-2
-1.999999999999672e-2
3.282096816548119e-15
2.000000000000328e-2
4.000000000000328e-2
6.000000000000329e-2
8.000000000000329e-2
1.000000000000033e-1
1.200000000000033e-1
1.400000000000033e-1
1.600000000000033e-1
1.800000000000033e-1
2.000000000000033e-1
2.200000000000032e-1
2.400000000000032e-1
2.600000000000032e-1
2.800000000000032e-1
3.000000000000033e-1
3.200000000000033e-1
3.400000000000033e-1
3.600000000000033e-1
3.800000000000033e-1
4.000000000000034e-1
4.200000000000034e-1
4.400000000000034e-1
4.600000000000034e-1
4.800000000000034e-1
5.000000000000034e-1
5.200000000000035e-1
5.400000000000035e-1
5.600000000000035e-1
5.800000000000035e-1
6.000000000000035e-1
6.200000000000035e-1
6.400000000000036e-1
6.600000000000036e-1
6.800000000000036e-1
7.000000000000036e-1
7.200000000000036e-1
7.400000000000037e-1
7.600000000000037e-1
7.800000000000037e-1
8.000000000000037e-1
8.200000000000037e-1
8.400000000000037e-1
8.600000000000038e-1
8.800000000000038e-1
9.000000000000038e-1
9.200000000000038e-1
9.400000000000038e-1
9.600000000000039e-1
9.800000000000039e-1
1.000000000000004e+0
1.020000000000004e+0
1.040000000000004e+0
1.060000000000004e+0
1.080000000000004e+0
1.100000000000004e+0
1.120000000000004e+0
1.140000000000004e+0
1.160000000000004e+0
1.180000000000004e+0
1.200000000000004e+0
1.220000000000004e+0
1.240000000000004e+0
1.260000000000004e+0
1.280000000000004e+0
1.300000000000004e+0
1.320000000000004e+0
1.340000000000004e+0
1.360000000000004e+0
1.380000000000004e+0
1.400000000000004e+0
1.420000000000004e+0
1.440000000000004e+0
1.460000000000004e+0
1.480000000000004e+0
1.500000000000004e+0
1.520000000000004e+0
1.540000000000004e+0
1.560000000000004e+0
1.580000000000004e+0
1.600000000000004e+0
1.620000000000004e+0
1.640000000000004e+0
1.660000000000004e+0
1.680000000000004e+0
1.700000000000004e+0
1.720000000000004e+0
1.740000000000004e+0
1.760000000000004e+0
1.780000000000004e+0
1.800000000000004e+0
1.820000000000005e+0
1.840000000000005e+0
1.860000000000005e+0
1.880000000000005e+0
1.900000000000005e+0
1.920000000000005e+0
1.940000000000005e+0
1.960000000000005e+0
1.980000000000005e+0
2.000000000000004e+0
2.020000000000004e+0
2.040000000000004e+0
2.060000000000004e+0
2.080000000000005e+0
2.100000000000005e+0
2.120000000000005e+0
2.140000000000005e+0
2.160000000000005e+0
2.180000000000005e+0
2.200000000000005e+0
2.220000000000005e+0
2.240000000000005e+0
2.260000000000005e+0
2.280000000000005e+0
2.300000000000005e+0
2.320000000000005e+0
2.340000000000005e+0
2.360000000000005e+0
2.380000000000005e+0
2.400000000000005e+0
2.420000000000005e+0
2.440000000000005e+0
2.460000000000005e+0
2.480000000000005e+0
2.500000000000005e+0
2.520000000000005e+0
2.540000000000005e+0
2.560000000000005e+0
2.580000000000005e+0
2.600000000000005e+0
2.620000000000005e+0
2.640000000000005e+0
2.660000000000005e+0
2.680000000000005e+0
2.700000000000005e+0
2.720000000000005e+0
2.740000000000005e+0
2.760000000000005e+0
2.780000000000005e+0
2.800000000000005e+0
2.820000000000005e+0
2.840000000000005e+0
2.860000000000005e+0
2.880000000000005e+0
2.900000000000005e+0
2.920000000000005e+0
2.940000000000005e+0
2.960000000000005e+0
2.980000000000005e+0
3.000000000000005e+0
3.020000000000005e+0
3.040000000000005e+0
3.060000000000005e+0
3.080000000000005e+0
3.100000000000005e+0
3.120000000000005e+0
3.140000000000005e+0
3.160000000000005e+0
3.180000000000005e+0
3.200000000000006e+0
3.220000000000006e+0
3.240000000000006e+0
3.260000000000006e+0
3.280000000000006e+0
3.300000000000006e+0
3.320000000000006e+0
3.340000000000006e+0
3.360000000000006e+0
3.380000000000006e+0
3.400000000000006e+0
3.420000000000006e+0
3.440000000000006e+0
3.460000000000006e+0
3.480000000000006e+0
3.500000000000006e+0
3.520000000000006e+0
3.540000000000006e+0
3.560000000000006e+0
3.580000000000006e+0
3.600000000000006e+0
3.620000000000006e+0
3.640000000000006e+0
3.660000000000006e+0
3.680000000000006e+0
3.700000000000006e+0
3.720000000000006e+0
3.740000000000006e+0
3.760000000000006e+0
3.780000000000006e+0
3.800000000000006e+0
3.820000000000006e+0
3.840000000000006e+0
3.860000000000006e+0
3.880000000000006e+0
3.900000000000006e+0
3.920000000000006e+0
3.940000000000006e+0
3.960000000000006e+0
3.980000000000006e+0
4.000000000000006e+0
4.020000000000006e+0
4.040000000000005e+0
4.060000000000005e+0
4.080000000000005e+0
4.100000000000004e+0
4.120000000000004e+0
4.140000000000003e+0
4.160000000000003e+0
4.180000000000002e+0
4.200000000000002e+0
4.220000000000002e+0
4.240000000000001e+0
4.260000000000001e+0
4.280000000000000e+0
4.300000000000000e+0
4.319999999999999e+0
4.339999999999999e+0
4.359999999999999e+0
4.379999999999998e+0
4.399999999999998e+0
4.419999999999997e+0
4.439999999999997e+0
4.459999999999996e+0
4.479999999999996e+0
4.499999999999996e+0
4.519999999999995e+0
4.539999999999995e+0
4.559999999999994e+0
4.579999999999994e+0
4.599999999999993e+0
4.619999999999993e+0
4.639999999999993e+0
4.659999999999992e+0
4.679999999999992e+0
4.699999999999991e+0
4.719999999999991e+0
4.739999999999990e+0
4.759999999999990e+0
4.779999999999990e+0
4.799999999999989e+0
4.819999999999989e+0
4.839999999999988e+0
4.859999999999988e+0
4.879999999999987e+0
4.899999999999987e+0
4.919999999999987e+0
4.939999999999986e+0
4.959999999999986e+0
4.979999999999985e+0
4.999999999999985e+0
5.019999999999984e+0
5.039999999999984e+0
5.059999999999984e+0
5.079999999999983e+0
5.099999999999983e+0
5.119999999999982e+0
5.139999999999982e+0
5.159999999999981e+0
5.179999999999981e+0
5.199999999999981e+0
5.219999999999980e+0
5.239999999999980e+0
5.259999999999979e+0
5.279999999999979e+0
5.299999999999979e+0
5.319999999999978e+0
5.339999999999978e+0
5.359999999999977e+0
5.379999999999977e+0
5.399999999999976e+0
5.419999999999976e+0
5.439999999999976e+0
5.459999999999975e+0
5.479999999999975e+0
5.499999999999974e+0
5.519999999999974e+0
5.539999999999973e+0
5.559999999999973e+0
5.579999999999973e+0
5.599999999999972e+0
5.619999999999972e+0
5.639999999999971e+0
5.659999999999971e+0
5.679999999999970e+0
5.699999999999970e+0
5.719999999999970e+0
5.739999999999969e+0
5.759999999999969e+0
5.779999999999968e+0
5.799999999999968e+0
5.819999999999967e+0
5.839999999999967e+0
5.859999999999967e+0
5.879999999999966e+0
5.899999999999966e+0
5.919999999999965e+0
5.939999999999965e+0
5.959999999999964e+0
5.979999999999964e+0
5.999999999999964e+0
6.019999999999963e+0
6.039999999999963e+0
6.059999999999962e+0
6.079999999999962e+0
6.099999999999961e+0
6.119999999999961e+0
6.139999999999961e+0
6.159999999999960e+0
6.179999999999960e+0
6.199999999999959e+0
6.219999999999959e+0
6.239999999999958e+0
6.259999999999958e+0
6.279999999999958e+0
6.299999999999957e+0
6.319999999999957e+0
6.339999999999956e+0
6.359999999999956e+0
6.379999999999955e+0
6.399999999999955e+0
6.419999999999955e+0
6.439999999999954e+0
6.459999999999954e+0
6.479999999999953e+0
6.499999999999953e+0
6.519999999999953e+0
6.539999999999952e+0
6.559999999999952e+0
6.579999999999951e+0
6.599999999999951e+0
6.619999999999950e+0
6.639999999999950e+0
6.659999999999950e+0
6.679999999999949e+0
6.699999999999949e+0
6.719999999999948e+0
6.739999999999948e+0
6.759999999999947e+0
6.779999999999947e+0
6.799999999999947e+0
6.819999999999946e+0
6.839999999999946e+0
6.859999999999945e+0
6.879999999999945e+0
6.899999999999944e+0
6.919999999999944e+0
6.939999999999944e+0
6.959999999999943e+0
6.979999999999943e+0
6.999999999999942e+0
7.019999999999942e+0
7.039999999999941e+0
7.059999999999941e+0
7.079999999999941e+0
7.099999999999940e+0
7.119999999999940e+0
7.139999999999939e+0
7.159999999999939e+0
7.179999999999938e+0
7.199999999999938e+0
7.219999999999938e+0
7.239999999999937e+0
7.259999999999937e+0
7.279999999999936e+0
7.299999999999936e+0
7.319999999999935e+0
7.339999999999935e+0
7.359999999999935e+0
7.379999999999934e+0
7.399999999999934e+0
7.419999999999933e+0
7.439999999999933e+0
7.459999999999932e+0
7.479999999999932e+0
7.499999999999932e+0
7.519999999999931e+0
7.539999999999931e+0
7.559999999999930e+0
7.579999999999930e+0
7.599999999999929e+0
7.619999999999929e+0
7.639999999999929e+0
7.659999999999928e+0
7.679999999999928e+0
7.699999999999927e+0
7.719999999999927e+0
7.739999999999926e+0
7.759999999999926e+0
7.779999999999926e+0
7.799999999999925e+0
7.819999999999925e+0
7.839999999999924e+0
7.859999999999924e+0
7.879999999999924e+0
7.899999999999923e+0
7.919999999999923e+0
7.939999999999922e+0
7.959999999999922e+0
7.979999999999921e+0
7.999999999999921e+0
8.019999999999921e+0
8.039999999999921e+0
8.059999999999921e+0
8.079999999999920e+0
8.099999999999920e+0
8.119999999999919e+0
8.139999999999919e+0
8.159999999999918e+0
8.179999999999918e+0
8.199999999999918e+0
8.219999999999917e+0
8.239999999999917e+0
8.259999999999916e+0
8.279999999999916e+0
8.299999999999915e+0
8.319999999999915e+0
8.339999999999915e+0
8.359999999999914e+0
8.379999999999914e+0
8.399999999999913e+0
8.419999999999913e+0
8.439999999999912e+0
8.459999999999912e+0
8.479999999999912e+0
8.499999999999911e+0
8.519999999999911e+0
8.539999999999910e+0
8.559999999999910e+0
8.579999999999909e+0
8.599999999999909e+0
8.619999999999909e+0
8.639999999999908e+0
8.659999999999908e+0
8.679999999999907e+0
8.699999999999907e+0
8.719999999999906e+0
8.739999999999906e+0
8.759999999999906e+0
8.779999999999905e+0
8.799999999999905e+0
8.819999999999904e+0
8.839999999999904e+0
8.859999999999904e+0
8.879999999999903e+0
8.899999999999903e+0
8.919999999999902e+0
8.939999999999902e+0
8.959999999999901e+0
8.979999999999901e+0
8.999999999999901e+0
9.019999999999900e+0
9.039999999999900e+0
9.059999999999899e+0
9.079999999999899e+0
9.099999999999898e+0
9.119999999999898e+0
9.139999999999898e+0
9.159999999999897e+0
9.179999999999897e+0
9.199999999999896e+0
9.219999999999896e+0
9.239999999999895e+0
9.259999999999895e+0
9.279999999999895e+0
9.299999999999894e+0
9.319999999999894e+0
9.339999999999893e+0
9.359999999999893e+0
9.379999999999892e+0
9.399999999999892e+0
9.419999999999892e+0
9.439999999999891e+0
9.459999999999891e+0
9.479999999999890e+0
9.499999999999890e+0
9.519999999999889e+0
9.539999999999889e+0
9.559999999999889e+0
9.579999999999888e+0
9.599999999999888e+0
9.619999999999887e+0
9.639999999999887e+0
9.659999999999886e+0
9.679999999999886e+0
9.699999999999886e+0
9.719999999999885e+0
9.739999999999885e+0
9.759999999999884e+0
9.779999999999884e+0
9.799999999999883e+0
9.819999999999883e+0
9.839999999999883e+0
9.859999999999882e+0
9.879999999999882e+0
9.899999999999881e+0
9.919999999999881e+0
9.939999999999880e+0
9.959999999999880e+0
9.979999999999880e+0
9.999999999999879e+0
1.001999999999988e+1
1.003999999999988e+1
1.005999999999988e+1
1.007999999999988e+1
1.009999999999988e+1
1.011999999999988e+1
1.013999999999988e+1
1.015999999999988e+1
1.017999999999988e+1
1.019999999999987e+1
1.021999999999987e+1
1.023999999999987e+1
1.025999999999987e+1
1.027999999999987e+1
1.029999999999987e+1
1.031999999999987e+1
1.033999999999987e+1
1.035999999999987e+1
1.037999999999987e+1
1.039999999999987e+1
1.041999999999987e+1
1.043999999999987e+1
1.045999999999987e+1
1.047999999999987e+1
1.049999999999987e+1
1.051999999999987e+1
1.053999999999987e+1
1.055999999999987e+1
1.057999999999987e+1
1.059999999999987e+1
1.061999999999987e+1
1.063999999999987e+1
1.065999999999987e+1
1.067999999999986e+1
1.069999999999986e+1
1.071999999999986e+1
1.073999999999986e+1
1.075999999999986e+1
1.077999999999986e+1
1.079999999999986e+1
1.081999999999986e+1
1.083999999999986e+1
1.085999999999986e+1
1.087999999999986e+1
1.089999999999986e+1
1.091999999999986e+1
1.093999999999986e+1
1.095999999999986e+1
1.097999999999986e+1
1.099999999999986e+1
1.101999999999986e+1
1.103999999999986e+1
1.105999999999986e+1
1.107999999999986e+1
1.109999999999986e+1
1.111999999999986e+1
1.113999999999985e+1
1.115999999999985e+1
1.117999999999985e+1
1.119999999999985e+1
1.121999999999985e+1
1.123999999999985e+1
1.125999999999985e+1
1.127999999999985e+1
1.129999999999985e+1
1.131999999999985e+1
1.133999999999985e+1
1.135999999999985e+1
1.137999999999985e+1
1.139999999999985e+1
1.141999999999985e+1
1.143999999999985e+1
1.145999999999985e+1
1.147999999999985e+1
1.149999999999985e+1
1.151999999999985e+1
1.153999999999985e+1
1.155999999999985e+1
1.157999999999985e+1
1.159999999999985e+1
1.161999999999984e+1
1.163999999999984e+1
1.165999999999984e+1
1.167999999999984e+1
1.169999999999984e+1
1.171999999999984e+1
1.173999999999984e+1
1.175999999999984e+1
1.177999999999984e+1
1.179999999999984e+1
1.181999999999984e+1
1.183999999999984e+1
1.185999999999984e+1
1.187999999999984e+1
1.189999999999984e+1
1.191999999999984e+1
1.193999999999984e+1
1.195999999999984e+1
1.197999999999984e+1
1.199999999999984e+1
1.201999999999984e+1
1.203999999999984e+1
1.205999999999984e+1
1.207999999999983e+1
1.209999999999983e+1
1.211999999999983e+1
1.213999999999983e+1
1.215999999999983e+1
1.217999999999983e+1
1.219999999999983e+1
1.221999999999983e+1
1.223999999999983e+1
1.225999999999983e+1
1.227999999999983e+1
1.229999999999983e+1
1.231999999999983e+1
1.233999999999983e+1
1.235999999999983e+1
1.237999999999983e+1
1.239999999999983e+1
1.241999999999983e+1
1.243999999999983e+1
1.245999999999983e+1
1.247999999999983e+1
1.249999999999983e+1
1.251999999999983e+1
1.253999999999983e+1
1.255999999999982e+1
1.257999999999982e+1
1.259999999999982e+1
1.261999999999982e+1
1.263999999999982e+1
1.265999999999982e+1
1.267999999999982e+1
1.269999999999982e+1
1.271999999999982e+1
1.273999999999982e+1
1.275999999999982e+1
1.277999999999982e+1
1.279999999999982e+1
1.281999999999982e+1
1.283999999999982e+1
1.285999999999982e+1
1.287999999999982e+1
1.289999999999982e+1
1.291999999999982e+1
1.293999999999982e+1
1.295999999999982e+1
1.297999999999982e+1
1.299999999999982e+1
1.301999999999981e+1
1.303999999999981e+1
1.305999999999981e+1
1.307999999999981e+1
1.309999999999981e+1
1.311999999999981e+1
1.313999999999981e+1
1.315999999999981e+1
1.317999999999981e+1
1.319999999999981e+1
1.321999999999981e+1
1.323999999999981e+1
1.325999999999981e+1
1.327999999999981e+1
1.329999999999981e+1
1.331999999999981e+1
1.333999999999981e+1
1.335999999999981e+1
1.337999999999981e+1
1.339999999999981e+1
1.341999999999981e+1
1.343999999999981e+1
1.345999999999981e+1
1.347999999999981e+1
1.349999999999980e+1
1.351999999999980e+1
1.353999999999980e+1
1.355999999999980e+1
1.357999999999980e+1
1.359999999999980e+1
1.361999999999980e+1
1.363999999999980e+1
1.365999999999980e+1
1.367999999999980e+1
1.369999999999980e+1
1.371999999999980e+1
1.373999999999980e+1
1.375999999999980e+1
1.377999999999980e+1
1.379999999999980e+1
1.381999999999980e+1
1.383999999999980e+1
1.385999999999980e+1
1.387999999999980e+1
1.389999999999980e+1
1.391999999999980e+1
1.393999999999980e+1
1.395999999999979e+1
1.397999999999979e+1
1.400000000000000e+1
