1301
-1.000000000000000e+1
-9.980000000000000e+0
-9.960000000000001e+0
-9.940000000000001e+0
-9.920000000000002e+0
-9.900000000000002e+0
-9.880000000000003e+0
-9.860000000000003e+0
-9.840000000000003e+0
-9.820000000000004e+0
-9.800000000000004e+0
-9.780000000000005e+0
-9.760000000000005e+0
-9.740000000000006e+0
-9.720000000000006e+0
-9.700000000000006e+0
-9.680000000000007e+0
-9.660000000000007e+0
-9.640000000000008e+0
-9.620000000000008e+0
-9.600000000000009e+0
-9.580000000000009e+0
-9.560000000000009e+0
-9.540000000000010e+0
-9.520000000000010e+0
-9.500000000000011e+0
-9.480000000000011e+0
-9.460000000000012e+0
-9.440000000000012e+0
-9.420000000000012e+0
-9.400000000000013e+0
-9.380000000000013e+0
-9.360000000000014e+0
-9.340000000000014e+0
-9.320000000000014e+0
-9.300000000000015e+0
-9.280000000000015e+0
-9.260000000000016e+0
-9.240000000000016e+0
-9.220000000000017e+0
-9.200000000000017e+0
-9.180000000000017e+0
-9.160000000000018e+0
-9.140000000000018e+0
-9.120000000000019e+0
-9.100000000000019e+0
-9.080000000000020e+0
-9.060000000000020e+0
-9.040000000000020e+0
-9.020000000000021e+0
-9.000000000000021e+0
-8.980000000000022e+0
-8.960000000000022e+0
-8.940000000000023e+0
-8.920000000000023e+0
-8.900000000000023e+0
-8.880000000000024e+0
-8.860000000000024e+0
-8.840000000000025e+0
-8.820000000000025e+0
-8.800000000000026e+0
-8.780000000000026e+0
-8.760000000000026e+0
-8.740000000000027e+0
-8.720000000000027e+0
-8.700000000000028e+0
-8.680000000000028e+0
-8.660000000000029e+0
-8.640000000000029e+0
-8.620000000000029e+0
-8.600000000000030e+0
-8.580000000000030e+0
-8.560000000000031e+0
-8.540000000000031e+0
-8.520000000000032e+0
-8.500000000000032e+0
-8.480000000000032e+0
-8.460000000000033e+0
-8.440000000000033e+0
-8.420000000000034e+0
-8.400000000000034e+0
-8.380000000000035e+0
-8.360000000000035e+0
-8.340000000000035e+0
-8.320000000000036e+0
-8.300000000000036e+0
-8.280000000000037e+0
-8.260000000000037e+0
-8.240000000000038e+0
-8.220000000000038e+0
-8.200000000000038e+0
-8.180000000000039e+0
-8.160000000000039e+0
-8.140000000000040e+0
-8.120000000000040e+0
-8.100000000000041e+0
-8.080000000000041e+0
-8.060000000000041e+0
-8.040000000000042e+0
-8.020000000000042e+0
-8.000000000000043e+0
-7.980000000000043e+0
-7.960000000000043e+0
-7.940000000000044e+0
-7.920000000000044e+0
-7.900000000000045e+0
-7.880000000000045e+0
-7.860000000000046e+0
-7.840000000000046e+0
-7.820000000000046e+0
-7.800000000000047e+0
-7.780000000000047e+0
-7.760000000000048e+0
-7.740000000000048e+0
-7.720000000000049e+0
-7.700000000000049e+0
-7.680000000000049e+0
-7.660000000000050e+0
-7.640000000000050e+0
-7.620000000000051e+0
-7.600000000000051e+0
-7.580000000000052e+0
-7.560000000000052e+0
-7.540000000000052e+0
-7.520000000000053e+0
-7.500000000000053e+0
-7.480000000000054e+0
-7.460000000000054e+0
-7.440000000000055e+0
-7.420000000000055e+0
-7.400000000000055e+0
-7.380000000000056e+0
-7.360000000000056e+0
-7.340000000000057e+0
-7.320000000000057e+0
-7.300000000000058e+0
-7.280000000000058e+0
-7.260000000000058e+0
-7.240000000000059e+0
-7.220000000000059e+0
-7.200000000000060e+0
-7.180000000000060e+0
-7.160000000000061e+0
-7.140000000000061e+0
-7.120000000000061e+0
-7.100000000000062e+0
-7.080000000000062e+0
-7.060000000000063e+0
-7.040000000000063e+0
-7.020000000000064e+0
-7.000000000000064e+0
-6.980000000000064e+0
-6.960000000000065e+0
-6.940000000000065e+0
-6.920000000000066e+0
-6.900000000000066e+0
-6.880000000000067e+0
-6.860000000000067e+0
-6.840000000000067e+0
-6.820000000000068e+0
-6.800000000000068e+0
-6.780000000000069e+0
-6.760000000000069e+0
-6.740000000000069e+0
-6.720000000000070e+0
-6.700000000000070e+0
-6.680000000000071e+0
-6.660000000000071e+0
-6.640000000000072e+0
-6.620000000000072e+0
-6.600000000000072e+0
-6.580000000000073e+0
-6.560000000000073e+0
-6.540000000000074e+0
-6.520000000000074e+0
-6.500000000000075e+0
-6.480000000000075e+0
-6.460000000000075e+0
-6.440000000000076e+0
-6.420000000000076e+0
-6.400000000000077e+0
-6.380000000000077e+0
-6.360000000000078e+0
-6.340000000000078e+0
-6.320000000000078e+0
-6.300000000000079e+0
-6.280000000000079e+0
-6.260000000000080e+0
-6.240000000000080e+0
-6.220000000000081e+0
-6.200000000000081e+0
-6.180000000000081e+0
-6.160000000000082e+0
-6.140000000000082e+0
-6.120000000000083e+0
-6.100000000000083e+0
-6.080000000000084e+0
-6.060000000000084e+0
-6.040000000000084e+0
-6.020000000000085e+0
-6.000000000000085e+0
-5.980000000000086e+0
-5.960000000000086e+0
-5.940000000000087e+0
-5.920000000000087e+0
-5.900000000000087e+0
-5.880000000000088e+0
-5.860000000000088e+0
-5.840000000000089e+0
-5.820000000000089e+0
-5.800000000000090e+0
-5.780000000000090e+0
-5.760000000000090e+0
-5.740000000000091e+0
-5.720000000000091e+0
-5.700000000000092e+0
-5.680000000000092e+0
-5.660000000000093e+0
-5.640000000000093e+0
-5.620000000000093e+0
-5.600000000000094e+0
-5.580000000000094e+0
-5.560000000000095e+0
-5.540000000000095e+0
-5.520000000000095e+0
-5.500000000000096e+0
-5.480000000000096e+0
-5.460000000000097e+0
-5.440000000000097e+0
-5.420000000000098e+0
-5.400000000000098e+0
-5.380000000000098e+0
-5.360000000000099e+0
-5.340000000000099e+0
-5.320000000000100e+0
-5.300000000000100e+0
-5.280000000000101e+0
-5.260000000000101e+0
-5.240000000000101e+0
-5.220000000000102e+0
-5.200000000000102e+0
-5.180000000000103e+0
-5.160000000000103e+0
-5.140000000000104e+0
-5.120000000000104e+0
-5.100000000000104e+0
-5.080000000000105e+0
-5.060000000000105e+0
-5.040000000000106e+0
-5.020000000000106e+0
-5.000000000000107e+0
-4.980000000000107e+0
-4.960000000000107e+0
-4.940000000000108e+0
-4.920000000000108e+0
-4.900000000000109e+0
-4.880000000000109e+0
-4.860000000000110e+0
-4.840000000000110e+0
-4.820000000000110e+0
-4.800000000000111e+0
-4.780000000000111e+0
-4.760000000000112e+0
-4.740000000000112e+0
-4.720000000000113e+0
-4.700000000000113e+0
-4.680000000000113e+0
-4.660000000000114e+0
-4.640000000000114e+0
-4.620000000000115e+0
-4.600000000000115e+0
-4.580000000000116e+0
-4.560000000000116e+0
-4.540000000000116e+0
-4.520000000000117e+0
-4.500000000000117e+0
-4.480000000000118e+0
-4.460000000000118e+0
-4.440000000000119e+0
-4.420000000000119e+0
-4.400000000000119e+0
-4.380000000000120e+0
-4.360000000000120e+0
-4.340000000000121e+0
-4.320000000000121e+0
-4.300000000000122e+0
-4.280000000000122e+0
-4.260000000000122e+0
-4.240000000000123e+0
-4.220000000000123e+0
-4.200000000000124e+0
-4.180000000000124e+0
-4.160000000000124e+0
-4.140000000000125e+0
-4.120000000000125e+0
-4.100000000000126e+0
-4.080000000000126e+0
-4.060000000000127e+0
-4.040000000000127e+0
-4.020000000000127e+0
-4.000000000000128e+0
-3.980000000000128e+0
-3.960000000000128e+0
-3.940000000000128e+0
-3.920000000000128e+0
-3.900000000000128e+0
-3.880000000000128e+0
-3.860000000000128e+0
-3.840000000000128e+0
-3.820000000000128e+0
-3.800000000000128e+0
-3.780000000000128e+0
-3.760000000000128e+0
-3.740000000000128e+0
-3.720000000000128e+0
-3.700000000000128e+0
-3.680000000000128e+0
-3.660000000000128e+0
-3.640000000000128e+0
-3.620000000000128e+0
-3.600000000000128e+0
-3.580000000000128e+0
-3.560000000000128e+0
-3.540000000000127e+0
-3.520000000000127e+0
-3.500000000000127e+0
-3.480000000000127e+0
-3.460000000000127e+0
-3.440000000000127e+0
-3.420000000000127e+0
-3.400000000000127e+0
-3.380000000000127e+0
-3.360000000000127e+0
-3.340000000000127e+0
-3.320000000000127e+0
-3.300000000000127e+0
-3.280000000000127e+0
-3.260000000000127e+0
-3.240000000000127e+0
-3.220000000000127e+0
-3.200000000000127e+0
-3.180000000000127e+0
-3.160000000000127e+0
-3.140000000000127e+0
-3.120000000000127e+0
-3.100000000000127e+0
-3.080000000000127e+0
-3.060000000000127e+0
-3.040000000000127e+0
-3.020000000000127e+0
-3.000000000000127e+0
-2.980000000000127e+0
-2.960000000000127e+0
-2.940000000000127e+0
-2.920000000000127e+0
-2.900000000000127e+0
-2.880000000000127e+0
-2.860000000000127e+0
-2.840000000000127e+0
-2.820000000000127e+0
-2.800000000000127e+0
-2.780000000000127e+0
-2.760000000000127e+0
-2.740000000000127e+0
-2.720000000000127e+0
-2.700000000000127e+0
-2.680000000000127e+0
-2.660000000000127e+0
-2.640000000000127e+0
-2.620000000000127e+0
-2.600000000000127e+0
-2.580000000000127e+0
-2.560000000000127e+0
-2.540000000000127e+0
-2.520000000000127e+0
-2.500000000000127e+0
-2.480000000000127e+0
-2.460000000000127e+0
-2.440000000000127e+0
-2.420000000000126e+0
-2.400000000000126e+0
-2.380000000000126e+0
-2.360000000000126e+0
-2.340000000000126e+0
-2.320000000000126e+0
-2.300000000000126e+0
-2.280000000000126e+0
-2.260000000000126e+0
-2.240000000000126e+0
-2.220000000000126e+0
-2.200000000000126e+0
-2.180000000000126e+0
-2.160000000000126e+0
-2.140000000000126e+0
-2.120000000000126e+0
-2.100000000000126e+0
-2.080000000000126e+0
-2.060000000000126e+0
-2.040000000000126e+0
-2.020000000000126e+0
-2.000000000000126e+0
-1.980000000000126e+0
-1.960000000000126e+0
-1.940000000000126e+0
-1.920000000000126e+0
-1.900000000000126e+0
-1.880000000000126e+0
-1.860000000000126e+0
-1.840000000000126e+0
-1.820000000000126e+0
-1.800000000000126e+0
-1.780000000000126e+0
-1.760000000000126e+0
-1.740000000000126e+0
-1.720000000000126e+0
-1.700000000000126e+0
-1.680000000000126e+0
-1.660000000000126e+0
-1.640000000000126e+0
-1.620000000000126e+0
-1.600000000000126e+0
-1.580000000000126e+0
-1.560000000000126e+0
-1.540000000000126e+0
-1.520000000000126e+0
-1.500000000000126e+0
-1.480000000000126e+0
-1.460000000000126e+0
-1.440000000000126e+0
-1.420000000000126e+0
-1.400000000000126e+0
-1.380000000000126e+0
-1.360000000000126e+0
-1.340000000000126e+0
-1.320000000000126e+0
-1.300000000000125e+0
-1.280000000000125e+0
-1.260000000000125e+0
-1.240000000000125e+0
-1.220000000000125e+0
-1.200000000000125e+0
-1.180000000000125e+0
-1.160000000000125e+0
-1.140000000000125e+0
-1.120000000000125e+0
-1.100000000000125e+0
-1.080000000000125e+0
-1.060000000000125e+0
-1.040000000000125e+0
-1.020000000000125e+0
-1.000000000000125e+0
-9.800000000001252e-1
-9.600000000001252e-1
-9.400000000001252e-1
-9.200000000001252e-1
-9.000000000001251e-1
-8.800000000001251e-1
-8.600000000001251e-1
-8.400000000001251e-1
-8.200000000001251e-1
-8.000000000001251e-1
-7.800000000001250e-1
-7.600000000001250e-1
-7.400000000001250e-1
-7.200000000001250e-1
-7.000000000001250e-1
-6.800000000001249e-1
-6.600000000001249e-1
-6.400000000001249e-1
-6.200000000001249e-1
-6.000000000001249e-1
-5.800000000001249e-1
-5.600000000001248e-1
-5.400000000001248e-1
-5.200000000001248e-1
-5.000000000001248e-1
-4.800000000001248e-1
-4.600000000001248e-1
-4.400000000001247e-1
-4.200000000001247e-1
-4.000000000001247e-1
-3.800000000001247e-1
-3.600000000001247e-1
-3.400000000001246e-1
-3.200000000001246e-1
-3.000000000001246e-1
-2.800000000001246e-1
-2.600000000001246e-1
-2.400000000001246e-1
-2.200000000001246e-1
-2.000000000001246e-1
-1.800000000001246e-1
-1.600000000001246e-1
-1.400000000001246e-1
-1.200000000001246e-1
-1.000000000001246e-1
-8.000000000012462e-2
-6.000000000012462e-2
-4.000000000012462e-2
-2.000000000012462e-2
-1.246155956202699e-13
1.999999999987538e-2
3.999999999987539e-2
5.999999999987539e-2
7.999999999987539e-2
9.999999999987540e-2
1.199999999998754e-1
1.399999999998754e-1
1.599999999998754e-1
1.799999999998754e-1
1.999999999998754e-1
2.199999999998754e-1
2.399999999998753e-1
2.599999999998753e-1
2.799999999998753e-1
2.999999999998754e-1
3.199999999998754e-1
3.399999999998754e-1
3.599999999998754e-1
3.799999999998754e-1
3.999999999998755e-1
4.199999999998755e-1
4.399999999998755e-1
4.599999999998755e-1
4.799999999998755e-1
4.999999999998755e-1
5.199999999998756e-1
5.399999999998756e-1
5.599999999998756e-1
5.799999999998756e-1
5.999999999998756e-1
6.199999999998757e-1
6.399999999998757e-1
6.599999999998757e-1
6.799999999998757e-1
6.999999999998757e-1
7.199999999998757e-1
7.399999999998758e-1
7.599999999998758e-1
7.799999999998758e-1
7.999999999998758e-1
8.199999999998758e-1
8.399999999998758e-1
8.599999999998759e-1
8.799999999998759e-1
8.999999999998759e-1
9.199999999998759e-1
9.399999999998759e-1
9.599999999998760e-1
9.799999999998760e-1
9.999999999998760e-1
1.019999999999876e+0
1.039999999999876e+0
1.059999999999876e+0
1.079999999999876e+0
1.099999999999876e+0
1.119999999999876e+0
1.139999999999876e+0
1.159999999999876e+0
1.179999999999876e+0
1.199999999999876e+0
1.219999999999876e+0
1.239999999999876e+0
1.259999999999876e+0
1.279999999999876e+0
1.299999999999876e+0
1.319999999999876e+0
1.339999999999876e+0
1.359999999999876e+0
1.379999999999876e+0
1.399999999999876e+0
1.419999999999876e+0
1.439999999999876e+0
1.459999999999876e+0
1.479999999999876e+0
1.499999999999876e+0
1.519999999999876e+0
1.539999999999876e+0
1.559999999999876e+0
1.579999999999876e+0
1.599999999999876e+0
1.619999999999876e+0
1.639999999999876e+0
1.659999999999876e+0
1.679999999999876e+0
1.699999999999876e+0
1.719999999999877e+0
1.739999999999877e+0
1.759999999999877e+0
1.779999999999877e+0
1.799999999999877e+0
1.819999999999877e+0
1.839999999999877e+0
1.859999999999877e+0
1.879999999999877e+0
1.899999999999877e+0
1.919999999999877e+0
1.939999999999877e+0
1.959999999999877e+0
1.979999999999877e+0
1.999999999999877e+0
2.019999999999877e+0
2.039999999999877e+0
2.059999999999877e+0
2.079999999999877e+0
2.099999999999877e+0
2.119999999999877e+0
2.139999999999877e+0
2.159999999999877e+0
2.179999999999877e+0
2.199999999999877e+0
2.219999999999877e+0
2.239999999999877e+0
2.259999999999877e+0
2.279999999999877e+0
2.299999999999877e+0
2.319999999999877e+0
2.339999999999877e+0
2.359999999999877e+0
2.379999999999877e+0
2.399999999999877e+0
2.419999999999877e+0
2.439999999999877e+0
2.459999999999877e+0
2.479999999999877e+0
2.499999999999877e+0
2.519999999999877e+0
2.539999999999877e+0
2.559999999999877e+0
2.579999999999877e+0
2.599999999999877e+0
2.619999999999877e+0
2.639999999999877e+0
2.659999999999877e+0
2.679999999999877e+0
2.699999999999877e+0
2.719999999999877e+0
2.739999999999877e+0
2.759999999999877e+0
2.779999999999877e+0
2.799999999999877e+0
2.819999999999877e+0
2.839999999999877e+0
2.859999999999877e+0
2.879999999999877e+0
2.899999999999877e+0
2.919999999999877e+0
2.939999999999877e+0
2.959999999999877e+0
2.979999999999877e+0
2.999999999999877e+0
3.019999999999877e+0
3.039999999999877e+0
3.059999999999877e+0
3.079999999999878e+0
3.099999999999878e+0
3.119999999999878e+0
3.139999999999878e+0
3.159999999999878e+0
3.179999999999878e+0
3.199999999999878e+0
3.219999999999878e+0
3.239999999999878e+0
3.259999999999878e+0
3.279999999999878e+0
3.299999999999878e+0
3.319999999999878e+0
3.339999999999878e+0
3.359999999999878e+0
3.379999999999878e+0
3.399999999999878e+0
3.419999999999878e+0
3.439999999999878e+0
3.459999999999878e+0
3.479999999999878e+0
3.499999999999878e+0
3.519999999999878e+0
3.539999999999878e+0
3.559999999999878e+0
3.579999999999878e+0
3.599999999999878e+0
3.619999999999878e+0
3.639999999999878e+0
3.659999999999878e+0
3.679999999999878e+0
3.699999999999878e+0
3.719999999999878e+0
3.739999999999878e+0
3.759999999999878e+0
3.779999999999878e+0
3.799999999999878e+0
3.819999999999878e+0
3.839999999999878e+0
3.859999999999878e+0
3.879999999999878e+0
3.899999999999878e+0
3.919999999999878e+0
3.939999999999878e+0
3.959999999999878e+0
3.979999999999878e+0
3.999999999999878e+0
4.019999999999878e+0
4.039999999999877e+0
4.059999999999877e+0
4.079999999999877e+0
4.099999999999876e+0
4.119999999999876e+0
4.139999999999875e+0
4.159999999999875e+0
4.179999999999874e+0
4.199999999999874e+0
4.219999999999874e+0
4.239999999999873e+0
4.259999999999873e+0
4.279999999999872e+0
4.299999999999872e+0
4.319999999999871e+0
4.339999999999871e+0
4.359999999999871e+0
4.379999999999870e+0
4.399999999999870e+0
4.419999999999869e+0
4.439999999999869e+0
4.459999999999869e+0
4.479999999999868e+0
4.499999999999868e+0
4.519999999999867e+0
4.539999999999867e+0
4.559999999999866e+0
4.579999999999866e+0
4.599999999999866e+0
4.619999999999865e+0
4.639999999999865e+0
4.659999999999864e+0
4.679999999999864e+0
4.699999999999863e+0
4.719999999999863e+0
4.739999999999863e+0
4.759999999999862e+0
4.779999999999862e+0
4.799999999999861e+0
4.819999999999861e+0
4.839999999999860e+0
4.859999999999860e+0
4.879999999999860e+0
4.899999999999859e+0
4.919999999999859e+0
4.939999999999858e+0
4.959999999999858e+0
4.979999999999857e+0
4.999999999999857e+0
5.019999999999857e+0
5.039999999999856e+0
5.059999999999856e+0
5.079999999999855e+0
5.099999999999855e+0
5.119999999999854e+0
5.139999999999854e+0
5.159999999999854e+0
5.179999999999853e+0
5.199999999999853e+0
5.219999999999852e+0
5.239999999999852e+0
5.259999999999851e+0
5.279999999999851e+0
5.299999999999851e+0
5.319999999999850e+0
5.339999999999850e+0
5.359999999999849e+0
5.379999999999849e+0
5.399999999999848e+0
5.419999999999848e+0
5.439999999999848e+0
5.459999999999847e+0
5.479999999999847e+0
5.499999999999846e+0
5.519999999999846e+0
5.539999999999845e+0
5.559999999999845e+0
5.579999999999845e+0
5.599999999999844e+0
5.619999999999844e+0
5.639999999999843e+0
5.659999999999843e+0
5.679999999999843e+0
5.699999999999842e+0
5.719999999999842e+0
5.739999999999841e+0
5.759999999999841e+0
5.779999999999840e+0
5.799999999999840e+0
5.819999999999840e+0
5.839999999999839e+0
5.859999999999839e+0
5.879999999999838e+0
5.899999999999838e+0
5.919999999999837e+0
5.939999999999837e+0
5.959999999999837e+0
5.979999999999836e+0
5.999999999999836e+0
6.019999999999835e+0
6.039999999999835e+0
6.059999999999834e+0
6.079999999999834e+0
6.099999999999834e+0
6.119999999999833e+0
6.139999999999833e+0
6.159999999999832e+0
6.179999999999832e+0
6.199999999999831e+0
6.219999999999831e+0
6.239999999999831e+0
6.259999999999830e+0
6.279999999999830e+0
6.299999999999829e+0
6.319999999999829e+0
6.339999999999828e+0
6.359999999999828e+0
6.379999999999828e+0
6.399999999999827e+0
6.419999999999827e+0
6.439999999999826e+0
6.459999999999826e+0
6.479999999999825e+0
6.499999999999825e+0
6.519999999999825e+0
6.539999999999824e+0
6.559999999999824e+0
6.579999999999823e+0
6.599999999999823e+0
6.619999999999822e+0
6.639999999999822e+0
6.659999999999822e+0
6.679999999999821e+0
6.699999999999821e+0
6.719999999999820e+0
6.739999999999820e+0
6.759999999999819e+0
6.779999999999819e+0
6.799999999999819e+0
6.819999999999818e+0
6.839999999999818e+0
6.859999999999817e+0
6.879999999999817e+0
6.899999999999817e+0
6.919999999999816e+0
6.939999999999816e+0
6.959999999999815e+0
6.979999999999815e+0
6.999999999999814e+0
7.019999999999814e+0
7.039999999999814e+0
7.059999999999813e+0
7.079999999999813e+0
7.099999999999812e+0
7.119999999999812e+0
7.139999999999811e+0
7.159999999999811e+0
7.179999999999811e+0
7.199999999999810e+0
7.219999999999810e+0
7.239999999999809e+0
7.259999999999809e+0
7.279999999999808e+0
7.299999999999808e+0
7.319999999999808e+0
7.339999999999807e+0
7.359999999999807e+0
7.379999999999806e+0
7.399999999999806e+0
7.419999999999805e+0
7.439999999999805e+0
7.459999999999805e+0
7.479999999999804e+0
7.499999999999804e+0
7.519999999999803e+0
7.539999999999803e+0
7.559999999999802e+0
7.579999999999802e+0
7.599999999999802e+0
7.619999999999801e+0
7.639999999999801e+0
7.659999999999800e+0
7.679999999999800e+0
7.699999999999799e+0
7.719999999999799e+0
7.739999999999799e+0
7.759999999999798e+0
7.779999999999798e+0
7.799999999999797e+0
7.819999999999797e+0
7.839999999999796e+0
7.859999999999796e+0
7.879999999999796e+0
7.899999999999795e+0
7.919999999999795e+0
7.939999999999794e+0
7.959999999999794e+0
7.979999999999793e+0
7.999999999999793e+0
8.019999999999794e+0
8.039999999999793e+0
8.059999999999793e+0
8.079999999999792e+0
8.099999999999792e+0
8.119999999999791e+0
8.139999999999791e+0
8.159999999999791e+0
8.179999999999790e+0
8.199999999999790e+0
8.219999999999789e+0
8.239999999999789e+0
8.259999999999788e+0
8.279999999999788e+0
8.299999999999788e+0
8.319999999999787e+0
8.339999999999787e+0
8.359999999999786e+0
8.379999999999786e+0
8.399999999999785e+0
8.419999999999785e+0
8.439999999999785e+0
8.459999999999784e+0
8.479999999999784e+0
8.499999999999783e+0
8.519999999999783e+0
8.539999999999782e+0
8.559999999999782e+0
8.579999999999782e+0
8.599999999999781e+0
8.619999999999781e+0
8.639999999999780e+0
8.659999999999780e+0
8.679999999999779e+0
8.699999999999779e+0
8.719999999999779e+0
8.739999999999778e+0
8.759999999999778e+0
8.779999999999777e+0
8.799999999999777e+0
8.819999999999776e+0
8.839999999999776e+0
8.859999999999776e+0
8.879999999999775e+0
8.899999999999775e+0
8.919999999999774e+0
8.939999999999774e+0
8.959999999999773e+0
8.979999999999773e+0
8.999999999999773e+0
9.019999999999772e+0
9.039999999999772e+0
9.059999999999771e+0
9.079999999999771e+0
9.099999999999770e+0
9.119999999999770e+0
9.139999999999770e+0
9.159999999999769e+0
9.179999999999769e+0
9.199999999999768e+0
9.219999999999768e+0
9.239999999999768e+0
9.259999999999767e+0
9.279999999999767e+0
9.299999999999766e+0
9.319999999999766e+0
9.339999999999765e+0
9.359999999999765e+0
9.379999999999765e+0
9.399999999999764e+0
9.419999999999764e+0
9.439999999999763e+0
9.459999999999763e+0
9.479999999999762e+0
9.499999999999762e+0
9.519999999999762e+0
9.539999999999761e+0
9.559999999999761e+0
9.579999999999760e+0
9.599999999999760e+0
9.619999999999759e+0
9.639999999999759e+0
9.659999999999759e+0
9.679999999999758e+0
9.699999999999758e+0
9.719999999999757e+0
9.739999999999757e+0
9.759999999999756e+0
9.779999999999756e+0
9.799999999999756e+0
9.819999999999755e+0
9.839999999999755e+0
9.859999999999754e+0
9.879999999999754e+0
9.899999999999753e+0
9.919999999999753e+0
9.939999999999753e+0
9.959999999999752e+0
9.979999999999752e+0
9.999999999999751e+0
1.001999999999975e+1
1.003999999999975e+1
1.005999999999975e+1
1.007999999999975e+1
1.009999999999975e+1
1.011999999999975e+1
1.013999999999975e+1
1.015999999999975e+1
1.017999999999975e+1
1.019999999999975e+1
1.021999999999975e+1
1.023999999999975e+1
1.025999999999975e+1
1.027999999999975e+1
1.029999999999974e+1
1.031999999999974e+1
1.033999999999974e+1
1.035999999999974e+1
1.037999999999974e+1
1.039999999999974e+1
1.041999999999974e+1
1.043999999999974e+1
1.045999999999974e+1
1.047999999999974e+1
1.049999999999974e+1
1.051999999999974e+1
1.053999999999974e+1
1.055999999999974e+1
1.057999999999974e+1
1.059999999999974e+1
1.061999999999974e+1
1.063999999999974e+1
1.065999999999974e+1
1.067999999999974e+1
1.069999999999974e+1
1.071999999999974e+1
1.073999999999974e+1
1.075999999999974e+1
1.077999999999973e+1
1.079999999999973e+1
1.081999999999973e+1
1.083999999999973e+1
1.085999999999973e+1
1.087999999999973e+1
1.089999999999973e+1
1.091999999999973e+1
1.093999999999973e+1
1.095999999999973e+1
1.097999999999973e+1
1.099999999999973e+1
1.101999999999973e+1
1.103999999999973e+1
1.105999999999973e+1
1.107999999999973e+1
1.109999999999973e+1
1.111999999999973e+1
1.113999999999973e+1
1.115999999999973e+1
1.117999999999973e+1
1.119999999999973e+1
1.121999999999973e+1
1.123999999999972e+1
1.125999999999972e+1
1.127999999999972e+1
1.129999999999972e+1
1.131999999999972e+1
1.133999999999972e+1
1.135999999999972e+1
1.137999999999972e+1
1.139999999999972e+1
1.141999999999972e+1
1.143999999999972e+1
1.145999999999972e+1
1.147999999999972e+1
1.149999999999972e+1
1.151999999999972e+1
1.153999999999972e+1
1.155999999999972e+1
1.157999999999972e+1
1.159999999999972e+1
1.161999999999972e+1
1.163999999999972e+1
1.165999999999972e+1
1.167999999999972e+1
1.169999999999972e+1
1.171999999999971e+1
1.173999999999971e+1
1.175999999999971e+1
1.177999999999971e+1
1.179999999999971e+1
1.181999999999971e+1
1.183999999999971e+1
1.185999999999971e+1
1.187999999999971e+1
1.189999999999971e+1
1.191999999999971e+1
1.193999999999971e+1
1.195999999999971e+1
1.197999999999971e+1
1.199999999999971e+1
1.201999999999971e+1
1.203999999999971e+1
1.205999999999971e+1
1.207999999999971e+1
1.209999999999971e+1
1.211999999999971e+1
1.213999999999971e+1
1.215999999999971e+1
1.217999999999970e+1
1.219999999999970e+1
1.221999999999970e+1
1.223999999999970e+1
1.225999999999970e+1
1.227999999999970e+1
1.229999999999970e+1
1.231999999999970e+1
1.233999999999970e+1
1.235999999999970e+1
1.237999999999970e+1
1.239999999999970e+1
1.241999999999970e+1
1.243999999999970e+1
1.245999999999970e+1
1.247999999999970e+1
1.249999999999970e+1
1.251999999999970e+1
1.253999999999970e+1
1.255999999999970e+1
1.257999999999970e+1
1.259999999999970e+1
1.261999999999970e+1
1.263999999999970e+1
1.265999999999969e+1
1.267999999999969e+1
1.269999999999969e+1
1.271999999999969e+1
1.273999999999969e+1
1.275999999999969e+1
1.277999999999969e+1
1.279999999999969e+1
1.281999999999969e+1
1.283999999999969e+1
1.285999999999969e+1
1.287999999999969e+1
1.289999999999969e+1
1.291999999999969e+1
1.293999999999969e+1
1.295999999999969e+1
1.297999999999969e+1
1.299999999999969e+1
1.301999999999969e+1
1.303999999999969e+1
1.305999999999969e+1
1.307999999999969e+1
1.309999999999969e+1
1.311999999999968e+1
1.313999999999968e+1
1.315999999999968e+1
1.317999999999968e+1
1.319999999999968e+1
1.321999999999968e+1
1.323999999999968e+1
1.325999999999968e+1
1.327999999999968e+1
1.329999999999968e+1
1.331999999999968e+1
1.333999999999968e+1
1.335999999999968e+1
1.337999999999968e+1
1.339999999999968e+1
1.341999999999968e+1
1.343999999999968e+1
1.345999999999968e+1
1.347999999999968e+1
1.349999999999968e+1
1.351999999999968e+1
1.353999999999968e+1
1.355999999999968e+1
1.357999999999967e+1
1.359999999999967e+1
1.361999999999967e+1
1.363999999999967e+1
1.365999999999967e+1
1.367999999999967e+1
1.369999999999967e+1
1.371999999999967e+1
1.373999999999967e+1
1.375999999999967e+1
1.377999999999967e+1
1.379999999999967e+1
1.381999999999967e+1
1.383999999999967e+1
1.385999999999967e+1
1.387999999999967e+1
1.389999999999967e+1
1.391999999999967e+1
1.393999999999967e+1
1.395999999999967e+1
1.397999999999967e+1
1.399999999999967e+1
1.401999999999967e+1
1.403999999999967e+1
1.405999999999966e+1
1.407999999999966e+1
1.409999999999966e+1
1.411999999999966e+1
1.413999999999966e+1
1.415999999999966e+1
1.417999999999966e+1
1.419999999999966e+1
1.421999999999966e+1
1.423999999999966e+1
1.425999999999966e+1
1.427999999999966e+1
1.429999999999966e+1
1.431999999999966e+1
1.433999999999966e+1
1.435999999999966e+1
1.437999999999966e+1
1.439999999999966e+1
1.441999999999966e+1
1.443999999999966e+1
1.445999999999966e+1
1.447999999999966e+1
1.449999999999966e+1
1.451999999999965e+1
1.453999999999965e+1
1.455999999999965e+1
1.457999999999965e+1
1.459999999999965e+1
1.461999999999965e+1
1.463999999999965e+1
1.465999999999965e+1
1.467999999999965e+1
1.469999999999965e+1
1.471999999999965e+1
1.473999999999965e+1
1.475999999999965e+1
1.477999999999965e+1
1.479999999999965e+1
1.481999999999965e+1
1.483999999999965e+1
1.485999999999965e+1
1.487999999999965e+1
1.489999999999965e+1
1.491999999999965e+1
1.493999999999965e+1
1.495999999999965e+1
1.497999999999965e+1
1.500000000000000e+1
1.502000300662530e+1
1.504138852919579e+1
1.506424608988292e+1
1.508867012618827e+1
1.511476012996488e+1
1.514262076896231e+1
1.517236198663127e+1
1.520409907539795e+1
1.523795271806467e+1
1.527404899141895e+1
1.531251932554598e+1
1.535350041175156e+1
1.539713405142826e+1
1.544356693765621e+1
1.549295036084282e+1
1.554543982930146e+1
1.560119459537811e+1
1.566037707759468e+1
1.572315216932932e+1
1.578968642484296e+1
1.586014711403700e+1
1.593470113824206e+1
1.601351380064329e+1
1.609674742669646e+1
1.618455983212701e+1
1.627710263887054e+1
1.637451944263443e+1
1.647694383964705e+1
1.658449732459901e+1
1.669728707673284e+1
1.681540365642736e+1
1.693891864034372e+1
1.706788222909738e+1
1.720232086730295e+1
1.734223492146974e+1
1.748759646633297e+1
1.763834723448466e+1
1.779439678729859e+1
1.795562096680020e+1
1.812186068800700e+1
1.829292112909092e+1
1.846857137228483e+1
1.864854454165571e+1
1.883253847468919e+1
1.902021695319607e+1
1.921121150561942e+1
1.940512377779045e+1
1.960152845308110e+1
1.979997668637067e+1
2.000000000000000e+1
