261
-3.600000000000000e+0
-3.499973588704237e+0
-3.403769975393454e+0
-3.311403549020499e+0
-3.222868953811016e+0
-3.138142703780723e+0
-3.057184865483995e+0
-2.979940773032156e+0
-2.906342743310102e+0
-2.836311763539147e+0
-2.769759127685583e+0
-2.706588002531074e+0
-2.646694908367477e+0
-2.589971103151461e+0
-2.536303862480241e+0
-2.485577650882727e+0
-2.437675182637930e+0
-2.392478372631471e+0
-2.349869179653780e+0
-2.309730346053700e+0
-2.271946038820568e+0
-2.236402398012874e+0
-2.202987999021346e+0
-2.171594235488232e+0
-2.142115629840626e+0
-2.114450078370039e+0
-2.088499037635814e+0
-2.064167658715922e+0
-2.041364875500983e+0
-2.020003452848192e+0
-2.000000000000000e+0
-1.980000000000000e+0
-1.960000000000000e+0
-1.940000000000000e+0
-1.920000000000000e+0
-1.900000000000000e+0
-1.880000000000000e+0
-1.860000000000000e+0
-1.840000000000000e+0
-1.820000000000000e+0
-1.800000000000000e+0
-1.780000000000000e+0
-1.760000000000000e+0
-1.740000000000000e+0
-1.720000000000000e+0
-1.700000000000000e+0
-1.680000000000000e+0
-1.660000000000000e+0
-1.640000000000000e+0
-1.620000000000000e+0
-1.600000000000000e+0
-1.580000000000000e+0
-1.560000000000000e+0
-1.540000000000000e+0
-1.520000000000000e+0
-1.500000000000000e+0
-1.480000000000000e+0
-1.460000000000000e+0
-1.440000000000000e+0
-1.419999999999999e+0
-1.399999999999999e+0
-1.379999999999999e+0
-1.359999999999999e+0
-1.339999999999999e+0
-1.319999999999999e+0
-1.299999999999999e+0
-1.279999999999999e+0
-1.259999999999999e+0
-1.239999999999999e+0
-1.219999999999999e+0
-1.199999999999999e+0
-1.179999999999999e+0
-1.159999999999999e+0
-1.139999999999999e+0
-1.119999999999999e+0
-1.099999999999999e+0
-1.079999999999999e+0
-1.059999999999999e+0
-1.039999999999999e+0
-1.019999999999999e+0
-9.999999999999991e-1
-9.799999999999991e-1
-9.599999999999991e-1
-9.399999999999991e-1
-9.199999999999990e-1
-8.999999999999990e-1
-8.799999999999990e-1
-8.599999999999990e-1
-8.399999999999990e-1
-8.199999999999990e-1
-7.999999999999989e-1
-7.799999999999989e-1
-7.599999999999989e-1
-7.399999999999989e-1
-7.199999999999989e-1
-6.999999999999988e-1
-6.799999999999988e-1
-6.599999999999988e-1
-6.399999999999988e-1
-6.199999999999988e-1
-5.999999999999988e-1
-5.799999999999987e-1
-5.599999999999987e-1
-5.399999999999987e-1
-5.199999999999987e-1
-4.999999999999987e-1
-4.799999999999986e-1
-4.599999999999986e-1
-4.399999999999986e-1
-4.199999999999986e-1
-3.999999999999986e-1
-3.799999999999986e-1
-3.599999999999985e-1
-3.399999999999985e-1
-3.199999999999985e-1
-2.999999999999985e-1
-2.799999999999985e-1
-2.599999999999985e-1
-2.399999999999985e-1
-2.199999999999985e-1
-1.999999999999985e-1
-1.799999999999985e-1
-1.599999999999985e-1
-1.399999999999985e-1
-1.199999999999985e-1
-9.999999999999851e-2
-7.999999999999850e-2
-5.999999999999850e-2
-3.999999999999850e-2
-1.999999999999849e-2
1.505739977147869e-15
2.000000000000151e-2
4.000000000000151e-2
6.000000000000151e-2
8.000000000000151e-2
1.000000000000015e-1
1.200000000000015e-1
1.400000000000015e-1
1.600000000000015e-1
1.800000000000015e-1
2.000000000000015e-1
2.200000000000015e-1
2.400000000000015e-1
2.600000000000015e-1
2.800000000000015e-1
3.000000000000015e-1
3.200000000000015e-1
3.400000000000015e-1
3.600000000000015e-1
3.800000000000016e-1
4.000000000000016e-1
4.200000000000016e-1
4.400000000000016e-1
4.600000000000016e-1
4.800000000000016e-1
5.000000000000017e-1
5.200000000000017e-1
5.400000000000017e-1
5.600000000000017e-1
5.800000000000017e-1
6.000000000000018e-1
6.200000000000018e-1
6.400000000000018e-1
6.600000000000018e-1
6.800000000000018e-1
7.000000000000018e-1
7.200000000000019e-1
7.400000000000019e-1
7.600000000000019e-1
7.800000000000019e-1
8.000000000000019e-1
8.200000000000019e-1
8.400000000000020e-1
8.600000000000020e-1
8.800000000000020e-1
9.000000000000020e-1
9.200000000000020e-1
9.400000000000021e-1
9.600000000000021e-1
9.800000000000021e-1
1.000000000000002e+0
1.020000000000002e+0
1.040000000000002e+0
1.060000000000002e+0
1.080000000000002e+0
1.100000000000002e+0
1.120000000000002e+0
1.140000000000002e+0
1.160000000000002e+0
1.180000000000002e+0
1.200000000000002e+0
1.220000000000002e+0
1.240000000000002e+0
1.260000000000002e+0
1.280000000000002e+0
1.300000000000002e+0
1.320000000000002e+0
1.340000000000002e+0
1.360000000000002e+0
1.380000000000002e+0
1.400000000000002e+0
1.420000000000002e+0
1.440000000000002e+0
1.460000000000002e+0
1.480000000000002e+0
1.500000000000002e+0
1.520000000000002e+0
1.540000000000002e+0
1.560000000000002e+0
1.580000000000003e+0
1.600000000000003e+0
1.620000000000003e+0
1.640000000000003e+0
1.660000000000003e+0
1.680000000000003e+0
1.700000000000003e+0
1.720000000000003e+0
1.740000000000003e+0
1.760000000000003e+0
1.780000000000003e+0
1.800000000000003e+0
1.820000000000003e+0
1.840000000000003e+0
1.860000000000003e+0
1.880000000000003e+0
1.900000000000003e+0
1.920000000000003e+0
1.940000000000003e+0
1.960000000000003e+0
1.980000000000003e+0
2.000000000000000e+0
2.020003452848192e+0
2.041364875500983e+0
2.064167658715923e+0
2.088499037635815e+0
2.114450078370040e+0
2.142115629840628e+0
2.171594235488234e+0
2.202987999021347e+0
2.236402398012875e+0
2.271946038820569e+0
2.309730346053700e+0
2.349869179653781e+0
2.392478372631471e+0
2.437675182637929e+0
2.485577650882727e+0
2.536303862480240e+0
2.589971103151460e+0
2.646694908367476e+0
2.706588002531072e+0
2.769759127685580e+0
2.836311763539143e+0
2.906342743310097e+0
2.979940773032152e+0
3.057184865483991e+0
3.138142703780717e+0
3.222868953811011e+0
3.311403549020495e+0
3.403769975393451e+0
3.499973588704234e+0
3.599999999999999e+0
