201
0.000000000000000e+0
9.998565124315769e-4
2.090982384281134e-3
3.281447289130784e-3
4.579983971188242e-3
5.996032964429251e-3
7.539788373396745e-3
9.222244288482628e-3
1.105524129019619e-2
1.305151235899309e-2
1.522472734793697e-2
1.758953499327749e-2
2.016160123185827e-2
2.295764236367356e-2
2.599545134335620e-2
2.929391520767352e-2
3.287302135069318e-2
3.675385004980902e-2
4.095855033266387e-2
4.551029596886515e-2
5.043321808688241e-2
5.575231067574552e-2
6.149330505819290e-2
6.768250934703232e-2
7.434660895510962e-2
8.151242446151688e-2
8.920662358604102e-2
9.745538473536819e-2
1.062840106017065e-1
1.157164916551307e-1
1.257750211020512e-1
1.364794649934744e-1
1.478467936434850e-1
1.598904833141672e-1
1.726199001529184e-1
1.860396815028866e-1
2.001491327722356e-1
2.149416608245562e-1
2.304042670869221e-1
2.465171249891414e-1
2.632532666744169e-1
2.805784029143654e-1
2.984508976388920e-1
3.168219143679156e-1
3.356357461464327e-1
3.548303335206789e-1
3.743379669859456e-1
3.940861616591025e-1
4.139986832612288e-1
4.339966964751161e-1
4.540000000000000e-1
4.740000000000000e-1
4.940000000000000e-1
5.140000000000000e-1
5.340000000000000e-1
5.540000000000000e-1
5.740000000000001e-1
5.940000000000001e-1
6.140000000000000e-1
6.340000000000000e-1
6.540000000000000e-1
6.740000000000000e-1
6.940000000000000e-1
7.140000000000000e-1
7.340000000000000e-1
7.540000000000000e-1
7.740000000000000e-1
7.940000000000000e-1
8.140000000000001e-1
8.340000000000001e-1
8.540000000000001e-1
8.740000000000001e-1
8.940000000000000e-1
9.139999999999999e-1
9.339999999999999e-1
9.540000000000000e-1
9.740000000000000e-1
9.940000000000000e-1
1.014000000000000e+0
1.034000000000000e+0
1.054000000000000e+0
1.074000000000000e+0
1.094000000000000e+0
1.114000000000000e+0
1.134000000000000e+0
1.154000000000000e+0
1.174000000000000e+0
1.194000000000000e+0
1.214000000000000e+0
1.234000000000000e+0
1.254000000000000e+0
1.274000000000000e+0
1.294000000000000e+0
1.314000000000000e+0
1.334000000000000e+0
1.354000000000000e+0
1.374000000000000e+0
1.394000000000000e+0
1.414000000000000e+0
1.434000000000000e+0
1.454000000000000e+0
1.474000000000000e+0
1.494000000000000e+0
1.514000000000000e+0
1.534000000000000e+0
1.554000000000000e+0
1.574000000000000e+0
1.594000000000000e+0
1.614000000000000e+0
1.634000000000000e+0
1.654000000000000e+0
1.674000000000000e+0
1.694000000000000e+0
1.714000000000000e+0
1.734000000000000e+0
1.754000000000000e+0
1.774000000000000e+0
1.794000000000000e+0
1.814000000000000e+0
1.834000000000000e+0
1.854000000000000e+0
1.874000000000000e+0
1.894000000000000e+0
1.914000000000000e+0
1.934000000000000e+0
1.954000000000000e+0
1.974000000000000e+0
1.994000000000000e+0
2.014000000000000e+0
2.034000000000000e+0
2.054000000000000e+0
2.074000000000000e+0
2.094000000000000e+0
2.114000000000000e+0
2.134000000000000e+0
2.154000000000000e+0
2.174000000000000e+0
2.194000000000000e+0
2.214000000000000e+0
2.234000000000000e+0
2.254000000000000e+0
2.274000000000000e+0
2.294000000000000e+0
2.314000000000000e+0
2.334000000000000e+0
2.354000000000000e+0
2.374000000000000e+0
2.394000000000000e+0
2.414000000000000e+0
2.434000000000000e+0
2.454000000000000e+0
2.474000000000000e+0
2.494000000000000e+0
2.514000000000000e+0
2.534000000000000e+0
2.554000000000000e+0
2.574000000000000e+0
2.594000000000000e+0
2.614000000000000e+0
2.634000000000000e+0
2.654000000000000e+0
2.674000000000000e+0
2.694000000000000e+0
2.714000000000000e+0
2.734000000000000e+0
2.754000000000000e+0
2.774000000000000e+0
2.794000000000000e+0
2.814000000000000e+0
2.834000000000000e+0
2.854000000000001e+0
2.874000000000000e+0
2.894000000000000e+0
2.914000000000000e+0
2.934000000000000e+0
2.954000000000000e+0
2.974000000000000e+0
2.994000000000000e+0
3.014000000000000e+0
3.034000000000000e+0
3.054000000000000e+0
3.074000000000000e+0
3.094000000000000e+0
3.114000000000000e+0
3.134000000000000e+0
3.154000000000000e+0
3.174000000000000e+0
3.194000000000000e+0
3.214000000000000e+0
3.234000000000000e+0
3.254000000000000e+0
3.274000000000000e+0
3.294000000000000e+0
3.314000000000001e+0
3.334000000000000e+0
3.354000000000000e+0
3.374000000000000e+0
3.394000000000000e+0
3.414000000000000e+0
3.434000000000000e+0
3.454000000000000e+0
