751
-4.000000000000000e+0
-3.799820551039545e+0
-3.608353920294264e+0
-3.425255560403734e+0
-3.250191433968146e+0
-3.082837985189200e+0
-2.922882078126592e+0
-2.770020905305094e+0
-2.623961870153168e+0
-2.484422446506127e+0
-2.351130018166544e+0
-2.223821701283024e+0
-2.102244152086594e+0
-1.986153362312306e+0
-1.875314444432712e+0
-1.769501408639938e+0
-1.668496933334091e+0
-1.572092130707821e+0
-1.480086308859750e+0
-1.392286731723001e+0
-1.308508377958905e+0
-1.228573699839734e+0
-1.152312383027680e+0
-1.079561108049753e+0
-1.010163314169441e+0
-9.439689662653326e-1
-8.808343252440549e-1
-8.206217224392400e-1
-7.631993383795423e-1
-7.084409862462855e-1
-6.562259002849271e-1
-6.064385293835874e-1
-5.589683359860991e-1
-5.137096004659565e-1
-4.705612310508580e-1
-4.294265793547924e-1
-3.902132615456764e-1
-3.528329851508496e-1
-3.172013814802308e-1
-2.832378436271878e-1
-2.508653699900063e-1
-2.200104132419907e-1
-1.906027346655175e-1
-1.625752637545155e-1
-1.358639629807481e-1
-1.104076976117301e-1
-8.614811046193305e-2
-6.302950145402919e-2
-4.099871186311166e-2
-2.000501311402303e-2
0.000000000000000e+0
2.000000000000000e-2
4.000000000000000e-2
6.000000000000000e-2
8.000000000000000e-2
1.000000000000000e-1
1.200000000000000e-1
1.400000000000000e-1
1.600000000000000e-1
1.800000000000000e-1
2.000000000000000e-1
2.200000000000000e-1
2.400000000000000e-1
2.600000000000000e-1
2.800000000000000e-1
3.000000000000000e-1
3.200000000000000e-1
3.400000000000000e-1
3.600000000000000e-1
3.800000000000001e-1
4.000000000000001e-1
4.200000000000001e-1
4.400000000000001e-1
4.600000000000001e-1
4.800000000000001e-1
5.000000000000001e-1
5.200000000000001e-1
5.400000000000001e-1
5.600000000000002e-1
5.800000000000002e-1
6.000000000000002e-1
6.200000000000002e-1
6.400000000000002e-1
6.600000000000003e-1
6.800000000000003e-1
7.000000000000003e-1
7.200000000000003e-1
7.400000000000003e-1
7.600000000000003e-1
7.800000000000004e-1
8.000000000000004e-1
8.200000000000004e-1
8.400000000000004e-1
8.600000000000004e-1
8.800000000000004e-1
9.000000000000005e-1
9.200000000000005e-1
9.400000000000005e-1
9.600000000000005e-1
9.800000000000005e-1
1.000000000000000e+0
1.020000000000000e+0
1.040000000000000e+0
1.060000000000000e+0
1.080000000000001e+0
1.100000000000001e+0
1.120000000000001e+0
1.140000000000001e+0
1.160000000000001e+0
1.180000000000001e+0
1.200000000000001e+0
1.220000000000001e+0
1.240000000000001e+0
1.260000000000001e+0
1.280000000000001e+0
1.300000000000001e+0
1.320000000000001e+0
1.340000000000001e+0
1.360000000000001e+0
1.380000000000001e+0
1.400000000000001e+0
1.420000000000001e+0
1.440000000000001e+0
1.460000000000001e+0
1.480000000000001e+0
1.500000000000001e+0
1.520000000000001e+0
1.540000000000001e+0
1.560000000000001e+0
1.580000000000001e+0
1.600000000000001e+0
1.620000000000001e+0
1.640000000000001e+0
1.660000000000001e+0
1.680000000000001e+0
1.700000000000001e+0
1.720000000000001e+0
1.740000000000001e+0
1.760000000000001e+0
1.780000000000001e+0
1.800000000000001e+0
1.820000000000001e+0
1.840000000000001e+0
1.860000000000001e+0
1.880000000000001e+0
1.900000000000001e+0
1.920000000000001e+0
1.940000000000001e+0
1.960000000000001e+0
1.980000000000001e+0
2.000000000000001e+0
2.020000000000001e+0
2.040000000000001e+0
2.060000000000001e+0
2.080000000000001e+0
2.100000000000001e+0
2.120000000000001e+0
2.140000000000001e+0
2.160000000000001e+0
2.180000000000001e+0
2.200000000000002e+0
2.220000000000002e+0
2.240000000000002e+0
2.260000000000002e+0
2.280000000000002e+0
2.300000000000002e+0
2.320000000000002e+0
2.340000000000002e+0
2.360000000000002e+0
2.380000000000002e+0
2.400000000000002e+0
2.420000000000002e+0
2.440000000000002e+0
2.460000000000002e+0
2.480000000000002e+0
2.500000000000002e+0
2.520000000000002e+0
2.540000000000002e+0
2.560000000000002e+0
2.580000000000002e+0
2.600000000000002e+0
2.620000000000002e+0
2.640000000000002e+0
2.660000000000002e+0
2.680000000000002e+0
2.700000000000002e+0
2.720000000000002e+0
2.740000000000002e+0
2.760000000000002e+0
2.780000000000002e+0
2.800000000000002e+0
2.820000000000002e+0
2.840000000000002e+0
2.860000000000002e+0
2.880000000000002e+0
2.900000000000002e+0
2.920000000000002e+0
2.940000000000002e+0
2.960000000000002e+0
2.980000000000002e+0
3.000000000000002e+0
3.020000000000002e+0
3.040000000000002e+0
3.060000000000002e+0
3.080000000000002e+0
3.100000000000002e+0
3.120000000000002e+0
3.140000000000002e+0
3.160000000000002e+0
3.180000000000002e+0
3.200000000000002e+0
3.220000000000002e+0
3.240000000000002e+0
3.260000000000002e+0
3.280000000000002e+0
3.300000000000002e+0
3.320000000000003e+0
3.340000000000003e+0
3.360000000000003e+0
3.380000000000003e+0
3.400000000000003e+0
3.420000000000003e+0
3.440000000000003e+0
3.460000000000003e+0
3.480000000000003e+0
3.500000000000003e+0
3.520000000000003e+0
3.540000000000003e+0
3.560000000000003e+0
3.580000000000003e+0
3.600000000000003e+0
3.620000000000003e+0
3.640000000000003e+0
3.660000000000003e+0
3.680000000000003e+0
3.700000000000003e+0
3.720000000000003e+0
3.740000000000003e+0
3.760000000000003e+0
3.780000000000003e+0
3.800000000000003e+0
3.820000000000003e+0
3.840000000000003e+0
3.860000000000003e+0
3.880000000000003e+0
3.900000000000003e+0
3.920000000000003e+0
3.940000000000003e+0
3.960000000000003e+0
3.980000000000003e+0
4.000000000000003e+0
4.020000000000002e+0
4.040000000000002e+0
4.060000000000001e+0
4.080000000000001e+0
4.100000000000001e+0
4.120000000000000e+0
4.140000000000000e+0
4.159999999999999e+0
4.179999999999999e+0
4.199999999999998e+0
4.219999999999998e+0
4.239999999999998e+0
4.259999999999997e+0
4.279999999999997e+0
4.299999999999996e+0
4.319999999999996e+0
4.339999999999995e+0
4.359999999999995e+0
4.379999999999995e+0
4.399999999999994e+0
4.419999999999994e+0
4.439999999999993e+0
4.459999999999993e+0
4.479999999999992e+0
4.499999999999992e+0
4.519999999999992e+0
4.539999999999991e+0
4.559999999999991e+0
4.579999999999990e+0
4.599999999999990e+0
4.619999999999989e+0
4.639999999999989e+0
4.659999999999989e+0
4.679999999999988e+0
4.699999999999988e+0
4.719999999999987e+0
4.739999999999987e+0
4.759999999999986e+0
4.779999999999986e+0
4.799999999999986e+0
4.819999999999985e+0
4.839999999999985e+0
4.859999999999984e+0
4.879999999999984e+0
4.899999999999983e+0
4.919999999999983e+0
4.939999999999983e+0
4.959999999999982e+0
4.979999999999982e+0
4.999999999999981e+0
5.019999999999981e+0
5.039999999999980e+0
5.059999999999980e+0
5.079999999999980e+0
5.099999999999979e+0
5.119999999999979e+0
5.139999999999978e+0
5.159999999999978e+0
5.179999999999978e+0
5.199999999999977e+0
5.219999999999977e+0
5.239999999999976e+0
5.259999999999976e+0
5.279999999999975e+0
5.299999999999975e+0
5.319999999999975e+0
5.339999999999974e+0
5.359999999999974e+0
5.379999999999973e+0
5.399999999999973e+0
5.419999999999972e+0
5.439999999999972e+0
5.459999999999972e+0
5.479999999999971e+0
5.499999999999971e+0
5.519999999999970e+0
5.539999999999970e+0
5.559999999999969e+0
5.579999999999969e+0
5.599999999999969e+0
5.619999999999968e+0
5.639999999999968e+0
5.659999999999967e+0
5.679999999999967e+0
5.699999999999966e+0
5.719999999999966e+0
5.739999999999966e+0
5.759999999999965e+0
5.779999999999965e+0
5.799999999999964e+0
5.819999999999964e+0
5.839999999999963e+0
5.859999999999963e+0
5.879999999999963e+0
5.899999999999962e+0
5.919999999999962e+0
5.939999999999961e+0
5.959999999999961e+0
5.979999999999960e+0
5.999999999999960e+0
6.019999999999960e+0
6.039999999999959e+0
6.059999999999959e+0
6.079999999999958e+0
6.099999999999958e+0
6.119999999999957e+0
6.139999999999957e+0
6.159999999999957e+0
6.179999999999956e+0
6.199999999999956e+0
6.219999999999955e+0
6.239999999999955e+0
6.259999999999954e+0
6.279999999999954e+0
6.299999999999954e+0
6.319999999999953e+0
6.339999999999953e+0
6.359999999999952e+0
6.379999999999952e+0
6.399999999999952e+0
6.419999999999951e+0
6.439999999999951e+0
6.459999999999950e+0
6.479999999999950e+0
6.499999999999949e+0
6.519999999999949e+0
6.539999999999949e+0
6.559999999999948e+0
6.579999999999948e+0
6.599999999999947e+0
6.619999999999947e+0
6.639999999999946e+0
6.659999999999946e+0
6.679999999999946e+0
6.699999999999945e+0
6.719999999999945e+0
6.739999999999944e+0
6.759999999999944e+0
6.779999999999943e+0
6.799999999999943e+0
6.819999999999943e+0
6.839999999999942e+0
6.859999999999942e+0
6.879999999999941e+0
6.899999999999941e+0
6.919999999999940e+0
6.939999999999940e+0
6.959999999999940e+0
6.979999999999939e+0
6.999999999999939e+0
7.019999999999938e+0
7.039999999999938e+0
7.059999999999937e+0
7.079999999999937e+0
7.099999999999937e+0
7.119999999999936e+0
7.139999999999936e+0
7.159999999999935e+0
7.179999999999935e+0
7.199999999999934e+0
7.219999999999934e+0
7.239999999999934e+0
7.259999999999933e+0
7.279999999999933e+0
7.299999999999932e+0
7.319999999999932e+0
7.339999999999931e+0
7.359999999999931e+0
7.379999999999931e+0
7.399999999999930e+0
7.419999999999930e+0
7.439999999999929e+0
7.459999999999929e+0
7.479999999999928e+0
7.499999999999928e+0
7.519999999999928e+0
7.539999999999927e+0
7.559999999999927e+0
7.579999999999926e+0
7.599999999999926e+0
7.619999999999925e+0
7.639999999999925e+0
7.659999999999925e+0
7.679999999999924e+0
7.699999999999924e+0
7.719999999999923e+0
7.739999999999923e+0
7.759999999999923e+0
7.779999999999922e+0
7.799999999999922e+0
7.819999999999921e+0
7.839999999999921e+0
7.859999999999920e+0
7.879999999999920e+0
7.899999999999920e+0
7.919999999999919e+0
7.939999999999919e+0
7.959999999999918e+0
7.979999999999918e+0
7.999999999999917e+0
8.019999999999918e+0
8.039999999999917e+0
8.059999999999917e+0
8.079999999999917e+0
8.099999999999916e+0
8.119999999999916e+0
8.139999999999915e+0
8.159999999999915e+0
8.179999999999914e+0
8.199999999999914e+0
8.219999999999914e+0
8.239999999999913e+0
8.259999999999913e+0
8.279999999999912e+0
8.299999999999912e+0
8.319999999999911e+0
8.339999999999911e+0
8.359999999999911e+0
8.379999999999910e+0
8.399999999999910e+0
8.419999999999909e+0
8.439999999999909e+0
8.459999999999908e+0
8.479999999999908e+0
8.499999999999908e+0
8.519999999999907e+0
8.539999999999907e+0
8.559999999999906e+0
8.579999999999906e+0
8.599999999999905e+0
8.619999999999905e+0
8.639999999999905e+0
8.659999999999904e+0
8.679999999999904e+0
8.699999999999903e+0
8.719999999999903e+0
8.739999999999903e+0
8.759999999999902e+0
8.779999999999902e+0
8.799999999999901e+0
8.819999999999901e+0
8.839999999999900e+0
8.859999999999900e+0
8.879999999999900e+0
8.899999999999899e+0
8.919999999999899e+0
8.939999999999898e+0
8.959999999999898e+0
8.979999999999897e+0
8.999999999999897e+0
9.019999999999897e+0
9.039999999999896e+0
9.059999999999896e+0
9.079999999999895e+0
9.099999999999895e+0
9.119999999999894e+0
9.139999999999894e+0
9.159999999999894e+0
9.179999999999893e+0
9.199999999999893e+0
9.219999999999892e+0
9.239999999999892e+0
9.259999999999891e+0
9.279999999999891e+0
9.299999999999891e+0
9.319999999999890e+0
9.339999999999890e+0
9.359999999999889e+0
9.379999999999889e+0
9.399999999999888e+0
9.419999999999888e+0
9.439999999999888e+0
9.459999999999887e+0
9.479999999999887e+0
9.499999999999886e+0
9.519999999999886e+0
9.539999999999885e+0
9.559999999999885e+0
9.579999999999885e+0
9.599999999999884e+0
9.619999999999884e+0
9.639999999999883e+0
9.659999999999883e+0
9.679999999999882e+0
9.699999999999882e+0
9.719999999999882e+0
9.739999999999881e+0
9.759999999999881e+0
9.779999999999880e+0
9.799999999999880e+0
9.819999999999879e+0
9.839999999999879e+0
9.859999999999879e+0
9.879999999999878e+0
9.899999999999878e+0
9.919999999999877e+0
9.939999999999877e+0
9.959999999999877e+0
9.979999999999876e+0
9.999999999999876e+0
1.001999999999988e+1
1.003999999999987e+1
1.005999999999987e+1
1.007999999999987e+1
1.009999999999987e+1
1.011999999999987e+1
1.013999999999987e+1
1.015999999999987e+1
1.017999999999987e+1
1.019999999999987e+1
1.021999999999987e+1
1.023999999999987e+1
1.025999999999987e+1
1.027999999999987e+1
1.029999999999987e+1
1.031999999999987e+1
1.033999999999987e+1
1.035999999999987e+1
1.037999999999987e+1
1.039999999999987e+1
1.041999999999987e+1
1.043999999999987e+1
1.045999999999987e+1
1.047999999999987e+1
1.049999999999986e+1
1.051999999999986e+1
1.053999999999986e+1
1.055999999999986e+1
1.057999999999986e+1
1.059999999999986e+1
1.061999999999986e+1
1.063999999999986e+1
1.065999999999986e+1
1.067999999999986e+1
1.069999999999986e+1
1.071999999999986e+1
1.073999999999986e+1
1.075999999999986e+1
1.077999999999986e+1
1.079999999999986e+1
1.081999999999986e+1
1.083999999999986e+1
1.085999999999986e+1
1.087999999999986e+1
1.089999999999986e+1
1.091999999999986e+1
1.093999999999986e+1
1.095999999999986e+1
1.097999999999985e+1
1.099999999999985e+1
1.101999999999985e+1
1.103999999999985e+1
1.105999999999985e+1
1.107999999999985e+1
1.109999999999985e+1
1.111999999999985e+1
1.113999999999985e+1
1.115999999999985e+1
1.117999999999985e+1
1.119999999999985e+1
1.121999999999985e+1
1.123999999999985e+1
1.125999999999985e+1
1.127999999999985e+1
1.129999999999985e+1
1.131999999999985e+1
1.133999999999985e+1
1.135999999999985e+1
1.137999999999985e+1
1.139999999999985e+1
1.141999999999985e+1
1.143999999999984e+1
1.145999999999984e+1
1.147999999999984e+1
1.149999999999984e+1
1.151999999999984e+1
1.153999999999984e+1
1.155999999999984e+1
1.157999999999984e+1
1.159999999999984e+1
1.161999999999984e+1
1.163999999999984e+1
1.165999999999984e+1
1.167999999999984e+1
1.169999999999984e+1
1.171999999999984e+1
1.173999999999984e+1
1.175999999999984e+1
1.177999999999984e+1
1.179999999999984e+1
1.181999999999984e+1
1.183999999999984e+1
1.185999999999984e+1
1.187999999999984e+1
1.189999999999984e+1
1.191999999999983e+1
1.193999999999983e+1
1.195999999999983e+1
1.197999999999983e+1
1.200000000000000e+1
1.202000930070968e+1
1.204050555332638e+1
1.206150047599757e+1
1.208300606230189e+1
1.210503458739755e+1
1.212759861429169e+1
1.215071100023209e+1
1.217438490322297e+1
1.219863378866610e+1
1.222347143612882e+1
1.224891194624030e+1
1.227496974771737e+1
1.230165960452127e+1
1.232899662314654e+1
1.235699626004313e+1
1.238567432917311e+1
1.241504700970267e+1
1.244513085383069e+1
1.247594279475461e+1
1.250750015477438e+1
1.253982065353530e+1
1.257292241641027e+1
1.260682398302188e+1
1.264154431590486e+1
1.267710280930898e+1
1.271351929814258e+1
1.275081406705664e+1
1.278900785966924e+1
1.282812188792998e+1
1.286817784162385e+1
1.290919789801386e+1
1.295120473162140e+1
1.299422152414329e+1
1.303827197450409e+1
1.308338030904210e+1
1.312957129182722e+1
1.317687023510849e+1
1.322530300988900e+1
1.327489605662542e+1
1.332567639604918e+1
1.337767164010597e+1
1.343091000300992e+1
1.348542031240839e+1
1.354123202065294e+1
1.359837521617179e+1
1.365688063493837e+1
1.371677967203047e+1
1.377810439327370e+1
1.384088754696271e+1
1.390516257565317e+1
1.397096362801662e+1
1.403832557075014e+1
1.410728400053213e+1
1.417787525601462e+1
1.425013642984222e+1
1.432410538068704e+1
1.439982074528815e+1
1.447732195048362e+1
1.455664922522213e+1
1.463784361254086e+1
1.472094698149494e+1
1.480600203902346e+1
1.489305234173591e+1
1.498214230760195e+1
1.507331722752676e+1
1.516662327679295e+1
1.526210752634919e+1
1.535981795392472e+1
1.545980345494766e+1
1.556211385324406e+1
1.566679991149366e+1
1.577391334141661e+1
1.588350681366504e+1
1.599563396739128e+1
1.611034941946384e+1
1.622770877330070e+1
1.634776862728828e+1
1.647058658275285e+1
1.659622125144997e+1
1.672473226253614e+1
1.685618026898501e+1
1.699062695340970e+1
1.712813503325036e+1
1.726876826528554e+1
1.741259144942359e+1
1.755967043172916e+1
1.771007210663822e+1
1.786386441831325e+1
1.802111636108888e+1
1.818189797895642e+1
1.834628036403422e+1
1.851433565396911e+1
1.868613702821275e+1
1.886175870311461e+1
1.904127592577257e+1
1.922476496657947e+1
1.941230311040357e+1
1.960396864633834e+1
1.979984085595634e+1
2.000000000000001e+1
