301
-5.000000000000000e+0
-4.799980163109711e+0
-4.603800564212095e+0
-4.413302811151657e+0
-4.230110880304233e+0
-4.055583182177671e+0
-3.890784013738848e+0
-3.736474402659613e+0
-3.593120399329651e+0
-3.460915494843128e+0
-3.339813132086482e+0
-3.229565187497814e+0
-3.129762693247039e+0
-3.039875763208499e+0
-2.959290506726094e+0
-2.887341522834727e+0
-2.823339272681877e+0
-2.766592183340908e+0
-2.716423731938017e+0
-2.672185008705350e+0
-2.633263387403980e+0
-2.599087971623116e+0
-2.569132464212633e+0
-2.542916048454164e+0
-2.520002791887577e+0
-2.500000000000000e+0
-2.480000000000000e+0
-2.460000000000000e+0
-2.440000000000000e+0
-2.420000000000000e+0
-2.400000000000000e+0
-2.380000000000000e+0
-2.360000000000000e+0
-2.340000000000000e+0
-2.320000000000000e+0
-2.300000000000000e+0
-2.280000000000000e+0
-2.260000000000000e+0
-2.240000000000000e+0
-2.220000000000000e+0
-2.200000000000000e+0
-2.180000000000000e+0
-2.160000000000000e+0
-2.140000000000000e+0
-2.120000000000000e+0
-2.100000000000000e+0
-2.080000000000000e+0
-2.060000000000000e+0
-2.040000000000000e+0
-2.020000000000000e+0
-2.000000000000000e+0
-1.980000000000000e+0
-1.960000000000000e+0
-1.940000000000000e+0
-1.920000000000000e+0
-1.900000000000000e+0
-1.880000000000000e+0
-1.860000000000000e+0
-1.840000000000000e+0
-1.820000000000000e+0
-1.800000000000000e+0
-1.780000000000000e+0
-1.760000000000000e+0
-1.740000000000000e+0
-1.720000000000000e+0
-1.700000000000000e+0
-1.680000000000000e+0
-1.660000000000000e+0
-1.640000000000000e+0
-1.620000000000000e+0
-1.600000000000000e+0
-1.580000000000000e+0
-1.560000000000000e+0
-1.540000000000000e+0
-1.520000000000000e+0
-1.500000000000000e+0
-1.480000000000000e+0
-1.460000000000000e+0
-1.440000000000000e+0
-1.420000000000000e+0
-1.400000000000000e+0
-1.380000000000000e+0
-1.360000000000000e+0
-1.340000000000000e+0
-1.320000000000000e+0
-1.300000000000000e+0
-1.280000000000000e+0
-1.260000000000000e+0
-1.240000000000000e+0
-1.220000000000000e+0
-1.200000000000000e+0
-1.180000000000000e+0
-1.160000000000000e+0
-1.140000000000000e+0
-1.120000000000000e+0
-1.100000000000000e+0
-1.080000000000000e+0
-1.060000000000000e+0
-1.040000000000000e+0
-1.020000000000000e+0
-1.000000000000000e+0
-9.800000000000000e-1
-9.600000000000000e-1
-9.399999999999999e-1
-9.199999999999999e-1
-8.999999999999999e-1
-8.799999999999999e-1
-8.599999999999999e-1
-8.399999999999999e-1
-8.199999999999998e-1
-7.999999999999998e-1
-7.800000000000002e-1
-7.600000000000002e-1
-7.400000000000002e-1
-7.200000000000002e-1
-7.000000000000002e-1
-6.800000000000002e-1
-6.600000000000001e-1
-6.400000000000001e-1
-6.200000000000001e-1
-6.000000000000001e-1
-5.800000000000001e-1
-5.600000000000001e-1
-5.400000000000000e-1
-5.200000000000000e-1
-5.000000000000000e-1
-4.800000000000000e-1
-4.600000000000000e-1
-4.399999999999999e-1
-4.199999999999999e-1
-3.999999999999999e-1
-3.799999999999999e-1
-3.599999999999999e-1
-3.399999999999999e-1
-3.199999999999998e-1
-2.999999999999998e-1
-2.799999999999998e-1
-2.599999999999998e-1
-2.399999999999998e-1
-2.199999999999998e-1
-1.999999999999997e-1
-1.799999999999997e-1
-1.599999999999997e-1
-1.400000000000001e-1
-1.200000000000001e-1
-1.000000000000001e-1
-8.000000000000007e-2
-6.000000000000005e-2
-4.000000000000004e-2
-2.000000000000002e-2
0.000000000000000e+0
2.000000000000002e-2
4.000000000000004e-2
6.000000000000005e-2
8.000000000000007e-2
1.000000000000001e-1
1.200000000000001e-1
1.400000000000001e-1
1.600000000000001e-1
1.800000000000002e-1
2.000000000000002e-1
2.200000000000002e-1
2.400000000000002e-1
2.600000000000002e-1
2.800000000000002e-1
3.000000000000003e-1
3.199999999999998e-1
3.399999999999999e-1
3.599999999999999e-1
3.799999999999999e-1
3.999999999999999e-1
4.199999999999999e-1
4.399999999999999e-1
4.600000000000000e-1
4.800000000000000e-1
5.000000000000000e-1
5.200000000000000e-1
5.400000000000000e-1
5.600000000000001e-1
5.800000000000001e-1
6.000000000000001e-1
6.200000000000001e-1
6.400000000000001e-1
6.600000000000001e-1
6.800000000000002e-1
7.000000000000002e-1
7.200000000000002e-1
7.400000000000002e-1
7.600000000000002e-1
7.800000000000002e-1
8.000000000000003e-1
8.200000000000003e-1
8.400000000000003e-1
8.600000000000003e-1
8.800000000000003e-1
9.000000000000004e-1
9.200000000000004e-1
9.399999999999995e-1
9.600000000000000e-1
9.799999999999995e-1
1.000000000000000e+0
1.020000000000000e+0
1.040000000000000e+0
1.060000000000000e+0
1.080000000000000e+0
1.100000000000000e+0
1.120000000000000e+0
1.140000000000000e+0
1.160000000000000e+0
1.180000000000000e+0
1.200000000000000e+0
1.220000000000000e+0
1.240000000000000e+0
1.260000000000000e+0
1.280000000000000e+0
1.300000000000000e+0
1.320000000000000e+0
1.340000000000000e+0
1.360000000000000e+0
1.380000000000000e+0
1.400000000000000e+0
1.420000000000000e+0
1.440000000000000e+0
1.460000000000000e+0
1.480000000000000e+0
1.500000000000000e+0
1.520000000000000e+0
1.540000000000000e+0
1.560000000000000e+0
1.580000000000000e+0
1.600000000000000e+0
1.620000000000000e+0
1.640000000000000e+0
1.660000000000000e+0
1.680000000000000e+0
1.700000000000000e+0
1.720000000000000e+0
1.740000000000000e+0
1.760000000000000e+0
1.780000000000000e+0
1.800000000000000e+0
1.820000000000000e+0
1.840000000000000e+0
1.860000000000000e+0
1.880000000000000e+0
1.900000000000000e+0
1.920000000000000e+0
1.940000000000000e+0
1.960000000000000e+0
1.980000000000000e+0
2.000000000000000e+0
2.020000000000000e+0
2.040000000000000e+0
2.060000000000000e+0
2.080000000000000e+0
2.100000000000001e+0
2.120000000000000e+0
2.140000000000001e+0
2.160000000000000e+0
2.180000000000001e+0
2.199999999999999e+0
2.220000000000000e+0
2.240000000000000e+0
2.260000000000000e+0
2.279999999999999e+0
2.300000000000000e+0
2.320000000000000e+0
2.340000000000000e+0
2.359999999999999e+0
2.380000000000000e+0
2.400000000000000e+0
2.420000000000000e+0
2.440000000000000e+0
2.460000000000000e+0
2.480000000000000e+0
2.500000000000000e+0
2.520002791887577e+0
2.542916048454163e+0
2.569132464212632e+0
2.599087971623115e+0
2.633263387403979e+0
2.672185008705349e+0
2.716423731938014e+0
2.766592183340905e+0
2.823339272681874e+0
2.887341522834724e+0
2.959290506726090e+0
3.039875763208495e+0
3.129762693247034e+0
3.229565187497809e+0
3.339813132086477e+0
3.460915494843123e+0
3.593120399329647e+0
3.736474402659608e+0
3.890784013738843e+0
4.055583182177668e+0
4.230110880304230e+0
4.413302811151656e+0
4.603800564212093e+0
4.799980163109709e+0
5.000000000000000e+0
