251
-4.000000000000000e+0
-3.799802182543834e+0
-3.617560934394723e+0
-3.451717279657087e+0
-3.300838544547046e+0
-3.163609732745951e+0
-3.038825191060787e+0
-2.925380619508979e+0
-2.822265462793293e+0
-2.728555706194143e+0
-2.643407087718149e+0
-2.566048729484716e+0
-2.495777184434303e+0
-2.431950889176096e+0
-2.373985009874781e+0
-2.321346665262041e+0
-2.273550508939681e+0
-2.230154651941944e+0
-2.190756905896446e+0
-2.154991326943012e+0
-2.122525040735227e+0
-2.093055329276910e+0
-2.066306960966297e+0
-2.042029745978957e+0
-2.019996299971873e+0
-2.000000000000000e+0
-1.980000000000000e+0
-1.960000000000000e+0
-1.940000000000000e+0
-1.920000000000000e+0
-1.900000000000000e+0
-1.880000000000000e+0
-1.860000000000000e+0
-1.840000000000000e+0
-1.820000000000000e+0
-1.800000000000000e+0
-1.780000000000000e+0
-1.760000000000000e+0
-1.740000000000000e+0
-1.720000000000000e+0
-1.700000000000000e+0
-1.680000000000000e+0
-1.660000000000000e+0
-1.640000000000000e+0
-1.620000000000000e+0
-1.600000000000000e+0
-1.580000000000000e+0
-1.560000000000000e+0
-1.540000000000000e+0
-1.520000000000000e+0
-1.500000000000000e+0
-1.480000000000000e+0
-1.460000000000000e+0
-1.440000000000000e+0
-1.420000000000000e+0
-1.400000000000000e+0
-1.380000000000000e+0
-1.360000000000000e+0
-1.340000000000000e+0
-1.320000000000000e+0
-1.300000000000000e+0
-1.280000000000000e+0
-1.260000000000000e+0
-1.240000000000000e+0
-1.220000000000000e+0
-1.200000000000000e+0
-1.180000000000000e+0
-1.160000000000000e+0
-1.140000000000000e+0
-1.120000000000000e+0
-1.100000000000000e+0
-1.080000000000000e+0
-1.060000000000000e+0
-1.040000000000000e+0
-1.020000000000000e+0
-1.000000000000000e+0
-9.800000000000000e-1
-9.600000000000000e-1
-9.399999999999999e-1
-9.199999999999999e-1
-8.999999999999999e-1
-8.799999999999999e-1
-8.600000000000001e-1
-8.400000000000001e-1
-8.200000000000001e-1
-8.000000000000000e-1
-7.800000000000000e-1
-7.600000000000000e-1
-7.400000000000000e-1
-7.200000000000000e-1
-7.000000000000000e-1
-6.799999999999999e-1
-6.599999999999999e-1
-6.399999999999999e-1
-6.200000000000001e-1
-6.000000000000001e-1
-5.800000000000001e-1
-5.600000000000001e-1
-5.400000000000000e-1
-5.200000000000000e-1
-5.000000000000000e-1
-4.800000000000000e-1
-4.600000000000000e-1
-4.399999999999999e-1
-4.199999999999999e-1
-3.999999999999999e-1
-3.799999999999999e-1
-3.600000000000001e-1
-3.400000000000001e-1
-3.200000000000001e-1
-3.000000000000000e-1
-2.800000000000000e-1
-2.600000000000000e-1
-2.400000000000000e-1
-2.200000000000000e-1
-2.000000000000000e-1
-1.799999999999999e-1
-1.599999999999999e-1
-1.399999999999999e-1
-1.200000000000001e-1
-1.000000000000001e-1
-8.000000000000007e-2
-6.000000000000005e-2
-4.000000000000004e-2
-2.000000000000002e-2
0.000000000000000e+0
2.000000000000002e-2
4.000000000000004e-2
6.000000000000005e-2
8.000000000000007e-2
1.000000000000001e-1
1.200000000000001e-1
1.400000000000001e-1
1.600000000000001e-1
1.800000000000002e-1
2.000000000000002e-1
2.200000000000002e-1
2.400000000000002e-1
2.599999999999998e-1
2.799999999999998e-1
2.999999999999998e-1
3.199999999999998e-1
3.399999999999999e-1
3.599999999999999e-1
3.799999999999999e-1
3.999999999999999e-1
4.199999999999999e-1
4.399999999999999e-1
4.600000000000000e-1
4.800000000000000e-1
5.000000000000000e-1
5.200000000000000e-1
5.400000000000000e-1
5.600000000000001e-1
5.800000000000001e-1
6.000000000000001e-1
6.200000000000001e-1
6.400000000000001e-1
6.600000000000001e-1
6.800000000000002e-1
7.000000000000002e-1
7.200000000000002e-1
7.400000000000002e-1
7.599999999999998e-1
7.799999999999998e-1
7.999999999999998e-1
8.199999999999998e-1
8.399999999999999e-1
8.599999999999999e-1
8.799999999999999e-1
8.999999999999999e-1
9.199999999999999e-1
9.399999999999999e-1
9.600000000000000e-1
9.800000000000000e-1
1.000000000000000e+0
1.020000000000000e+0
1.040000000000000e+0
1.060000000000000e+0
1.080000000000000e+0
1.100000000000000e+0
1.120000000000000e+0
1.140000000000000e+0
1.160000000000000e+0
1.180000000000000e+0
1.200000000000000e+0
1.220000000000000e+0
1.240000000000000e+0
1.260000000000000e+0
1.280000000000000e+0
1.300000000000000e+0
1.320000000000000e+0
1.340000000000000e+0
1.360000000000000e+0
1.380000000000000e+0
1.400000000000000e+0
1.420000000000000e+0
1.440000000000000e+0
1.460000000000000e+0
1.480000000000000e+0
1.500000000000000e+0
1.520000000000000e+0
1.540000000000000e+0
1.560000000000000e+0
1.580000000000000e+0
1.600000000000000e+0
1.620000000000000e+0
1.640000000000000e+0
1.660000000000000e+0
1.680000000000000e+0
1.700000000000000e+0
1.720000000000000e+0
1.740000000000000e+0
1.760000000000000e+0
1.780000000000000e+0
1.800000000000000e+0
1.820000000000000e+0
1.840000000000000e+0
1.860000000000000e+0
1.880000000000000e+0
1.900000000000000e+0
1.920000000000000e+0
1.940000000000000e+0
1.960000000000000e+0
1.980000000000000e+0
2.000000000000000e+0
2.019996299971874e+0
2.042029745978958e+0
2.066306960966299e+0
2.093055329276913e+0
2.122525040735230e+0
2.154991326943017e+0
2.190756905896451e+0
2.230154651941948e+0
2.273550508939687e+0
2.321346665262046e+0
2.373985009874787e+0
2.431950889176101e+0
2.495777184434309e+0
2.566048729484721e+0
2.643407087718155e+0
2.728555706194148e+0
2.822265462793297e+0
2.925380619508982e+0
3.038825191060790e+0
3.163609732745953e+0
3.300838544547047e+0
3.451717279657087e+0
3.617560934394723e+0
3.799802182543834e+0
4.000000000000003e+0
