2401
-7.500000000000000e+0
-7.450000000000000e+0
-7.400000000000000e+0
-7.350000000000001e+0
-7.300000000000001e+0
-7.250000000000001e+0
-7.200000000000001e+0
-7.150000000000001e+0
-7.100000000000001e+0
-7.050000000000002e+0
-7.000000000000002e+0
-6.950000000000002e+0
-6.900000000000002e+0
-6.850000000000002e+0
-6.800000000000002e+0
-6.750000000000003e+0
-6.700000000000003e+0
-6.650000000000003e+0
-6.600000000000003e+0
-6.550000000000003e+0
-6.500000000000004e+0
-6.450000000000004e+0
-6.400000000000004e+0
-6.350000000000004e+0
-6.300000000000004e+0
-6.250000000000004e+0
-6.200000000000005e+0
-6.150000000000005e+0
-6.100000000000005e+0
-6.050000000000005e+0
-6.000000000000005e+0
-5.950000000000006e+0
-5.900000000000006e+0
-5.850000000000006e+0
-5.800000000000006e+0
-5.750000000000006e+0
-5.700000000000006e+0
-5.650000000000007e+0
-5.600000000000007e+0
-5.550000000000007e+0
-5.500000000000007e+0
-5.450000000000007e+0
-5.400000000000007e+0
-5.350000000000008e+0
-5.300000000000008e+0
-5.250000000000008e+0
-5.200000000000008e+0
-5.150000000000008e+0
-5.100000000000009e+0
-5.050000000000009e+0
-5.000000000000009e+0
-4.950000000000009e+0
-4.900000000000009e+0
-4.850000000000009e+0
-4.800000000000010e+0
-4.750000000000010e+0
-4.700000000000010e+0
-4.650000000000010e+0
-4.600000000000010e+0
-4.550000000000010e+0
-4.500000000000011e+0
-4.450000000000011e+0
-4.400000000000011e+0
-4.350000000000011e+0
-4.300000000000011e+0
-4.250000000000012e+0
-4.200000000000012e+0
-4.150000000000012e+0
-4.100000000000012e+0
-4.050000000000012e+0
-4.000000000000012e+0
-3.950000000000013e+0
-3.900000000000013e+0
-3.850000000000013e+0
-3.800000000000013e+0
-3.750000000000013e+0
-3.700000000000014e+0
-3.650000000000014e+0
-3.600000000000014e+0
-3.550000000000014e+0
-3.500000000000014e+0
-3.450000000000014e+0
-3.400000000000015e+0
-3.350000000000015e+0
-3.300000000000015e+0
-3.250000000000015e+0
-3.200000000000015e+0
-3.150000000000015e+0
-3.100000000000016e+0
-3.050000000000016e+0
-3.000000000000016e+0
-2.950000000000016e+0
-2.900000000000016e+0
-2.850000000000017e+0
-2.800000000000017e+0
-2.750000000000017e+0
-2.700000000000017e+0
-2.650000000000017e+0
-2.600000000000017e+0
-2.550000000000018e+0
-2.500000000000018e+0
-2.450000000000018e+0
-2.400000000000018e+0
-2.350000000000018e+0
-2.300000000000018e+0
-2.250000000000019e+0
-2.200000000000019e+0
-2.150000000000019e+0
-2.100000000000019e+0
-2.050000000000019e+0
-2.000000000000020e+0
-1.950000000000019e+0
-1.900000000000019e+0
-1.850000000000019e+0
-1.800000000000019e+0
-1.750000000000019e+0
-1.700000000000019e+0
-1.650000000000019e+0
-1.600000000000019e+0
-1.550000000000019e+0
-1.500000000000019e+0
-1.450000000000019e+0
-1.400000000000019e+0
-1.350000000000019e+0
-1.300000000000019e+0
-1.250000000000019e+0
-1.200000000000019e+0
-1.150000000000019e+0
-1.100000000000019e+0
-1.050000000000019e+0
-1.000000000000019e+0
-9.500000000000186e-1
-9.000000000000186e-1
-8.500000000000185e-1
-8.000000000000185e-1
-7.500000000000184e-1
-7.000000000000184e-1
-6.500000000000183e-1
-6.000000000000183e-1
-5.500000000000183e-1
-5.000000000000182e-1
-4.500000000000182e-1
-4.000000000000182e-1
-3.500000000000182e-1
-3.000000000000183e-1
-2.500000000000183e-1
-2.000000000000183e-1
-1.500000000000183e-1
-1.000000000000183e-1
-5.000000000001828e-2
-1.827704654289164e-14
4.999999999998173e-2
9.999999999998173e-2
1.499999999999817e-1
1.999999999999817e-1
2.499999999999817e-1
2.999999999999817e-1
3.499999999999817e-1
3.999999999999817e-1
4.499999999999817e-1
4.999999999999817e-1
5.499999999999817e-1
5.999999999999818e-1
6.499999999999818e-1
6.999999999999819e-1
7.499999999999819e-1
7.999999999999819e-1
8.499999999999820e-1
8.999999999999820e-1
9.499999999999821e-1
9.999999999999821e-1
1.049999999999982e+0
1.099999999999982e+0
1.149999999999982e+0
1.199999999999982e+0
1.249999999999982e+0
1.299999999999982e+0
1.349999999999982e+0
1.399999999999982e+0
1.449999999999982e+0
1.499999999999982e+0
1.549999999999983e+0
1.599999999999983e+0
1.649999999999983e+0
1.699999999999983e+0
1.749999999999983e+0
1.799999999999983e+0
1.849999999999983e+0
1.899999999999983e+0
1.949999999999983e+0
1.999999999999983e+0
2.049999999999983e+0
2.099999999999983e+0
2.149999999999983e+0
2.199999999999982e+0
2.249999999999982e+0
2.299999999999982e+0
2.349999999999982e+0
2.399999999999982e+0
2.449999999999982e+0
2.499999999999981e+0
2.549999999999981e+0
2.599999999999981e+0
2.649999999999981e+0
2.699999999999981e+0
2.749999999999980e+0
2.799999999999980e+0
2.849999999999980e+0
2.899999999999980e+0
2.949999999999980e+0
2.999999999999980e+0
3.049999999999979e+0
3.099999999999979e+0
3.149999999999979e+0
3.199999999999979e+0
3.249999999999979e+0
3.299999999999979e+0
3.349999999999978e+0
3.399999999999978e+0
3.449999999999978e+0
3.499999999999978e+0
3.549999999999978e+0
3.599999999999977e+0
3.649999999999977e+0
3.699999999999977e+0
3.749999999999977e+0
3.799999999999977e+0
3.849999999999977e+0
3.899999999999976e+0
3.949999999999976e+0
3.999999999999976e+0
4.049999999999976e+0
4.099999999999976e+0
4.149999999999975e+0
4.199999999999975e+0
4.249999999999975e+0
4.299999999999975e+0
4.349999999999975e+0
4.399999999999975e+0
4.449999999999974e+0
4.499999999999974e+0
4.549999999999974e+0
4.599999999999974e+0
4.649999999999974e+0
4.699999999999974e+0
4.749999999999973e+0
4.799999999999973e+0
4.849999999999973e+0
4.899999999999973e+0
4.949999999999973e+0
4.999999999999972e+0
5.049999999999972e+0
5.099999999999972e+0
5.149999999999972e+0
5.199999999999972e+0
5.249999999999972e+0
5.299999999999971e+0
5.349999999999971e+0
5.399999999999971e+0
5.449999999999971e+0
5.499999999999971e+0
5.549999999999971e+0
5.599999999999970e+0
5.649999999999970e+0
5.699999999999970e+0
5.749999999999970e+0
5.799999999999970e+0
5.849999999999969e+0
5.899999999999969e+0
5.949999999999969e+0
5.999999999999969e+0
6.049999999999969e+0
6.099999999999969e+0
6.149999999999968e+0
6.199999999999968e+0
6.249999999999968e+0
6.299999999999968e+0
6.349999999999968e+0
6.399999999999967e+0
6.449999999999967e+0
6.499999999999967e+0
6.549999999999967e+0
6.599999999999967e+0
6.649999999999967e+0
6.699999999999966e+0
6.749999999999966e+0
6.799999999999966e+0
6.849999999999966e+0
6.899999999999966e+0
6.949999999999966e+0
6.999999999999965e+0
7.049999999999965e+0
7.099999999999965e+0
7.149999999999965e+0
7.199999999999965e+0
7.249999999999964e+0
7.299999999999964e+0
7.349999999999964e+0
7.399999999999964e+0
7.449999999999964e+0
7.499999999999964e+0
7.549999999999963e+0
7.599999999999963e+0
7.649999999999963e+0
7.699999999999963e+0
7.749999999999963e+0
7.799999999999963e+0
7.849999999999962e+0
7.899999999999962e+0
7.949999999999962e+0
7.999999999999962e+0
8.049999999999962e+0
8.099999999999962e+0
8.149999999999963e+0
8.199999999999964e+0
8.249999999999964e+0
8.299999999999965e+0
8.349999999999966e+0
8.399999999999967e+0
8.449999999999967e+0
8.499999999999968e+0
8.549999999999969e+0
8.599999999999969e+0
8.649999999999970e+0
8.699999999999971e+0
8.749999999999972e+0
8.799999999999972e+0
8.849999999999973e+0
8.899999999999974e+0
8.949999999999974e+0
8.999999999999975e+0
9.049999999999976e+0
9.099999999999977e+0
9.149999999999977e+0
9.199999999999978e+0
9.249999999999979e+0
9.299999999999979e+0
9.349999999999980e+0
9.399999999999981e+0
9.449999999999982e+0
9.499999999999982e+0
9.549999999999983e+0
9.599999999999984e+0
9.649999999999984e+0
9.699999999999985e+0
9.749999999999986e+0
9.799999999999986e+0
9.849999999999987e+0
9.899999999999988e+0
9.949999999999989e+0
9.999999999999989e+0
1.004999999999999e+1
1.009999999999999e+1
1.014999999999999e+1
1.019999999999999e+1
1.024999999999999e+1
1.029999999999999e+1
1.034999999999999e+1
1.040000000000000e+1
1.045000000000000e+1
1.050000000000000e+1
1.055000000000000e+1
1.060000000000000e+1
1.065000000000000e+1
1.070000000000000e+1
1.075000000000000e+1
1.080000000000000e+1
1.085000000000000e+1
1.090000000000000e+1
1.095000000000000e+1
1.100000000000000e+1
1.105000000000000e+1
1.110000000000000e+1
1.115000000000001e+1
1.120000000000001e+1
1.125000000000001e+1
1.130000000000001e+1
1.135000000000001e+1
1.140000000000001e+1
1.145000000000001e+1
1.150000000000001e+1
1.155000000000001e+1
1.160000000000001e+1
1.165000000000001e+1
1.170000000000001e+1
1.175000000000001e+1
1.180000000000001e+1
1.185000000000002e+1
1.190000000000002e+1
1.195000000000002e+1
1.200000000000002e+1
1.205000000000002e+1
1.210000000000002e+1
1.215000000000002e+1
1.220000000000002e+1
1.225000000000002e+1
1.230000000000002e+1
1.235000000000002e+1
1.240000000000002e+1
1.245000000000002e+1
1.250000000000002e+1
1.255000000000003e+1
1.260000000000003e+1
1.265000000000003e+1
1.270000000000003e+1
1.275000000000003e+1
1.280000000000003e+1
1.285000000000003e+1
1.290000000000003e+1
1.295000000000003e+1
1.300000000000003e+1
1.305000000000003e+1
1.310000000000003e+1
1.315000000000003e+1
1.320000000000003e+1
1.325000000000004e+1
1.330000000000004e+1
1.335000000000004e+1
1.340000000000004e+1
1.345000000000004e+1
1.350000000000004e+1
1.355000000000004e+1
1.360000000000004e+1
1.365000000000004e+1
1.370000000000004e+1
1.375000000000004e+1
1.380000000000004e+1
1.385000000000004e+1
1.390000000000004e+1
1.395000000000005e+1
1.400000000000005e+1
1.405000000000005e+1
1.410000000000005e+1
1.415000000000005e+1
1.420000000000005e+1
1.425000000000005e+1
1.430000000000005e+1
1.435000000000005e+1
1.440000000000005e+1
1.445000000000005e+1
1.450000000000005e+1
1.455000000000005e+1
1.460000000000005e+1
1.465000000000006e+1
1.470000000000006e+1
1.475000000000006e+1
1.480000000000006e+1
1.485000000000006e+1
1.490000000000006e+1
1.495000000000006e+1
1.500000000000006e+1
1.505000000000006e+1
1.510000000000006e+1
1.515000000000006e+1
1.520000000000006e+1
1.525000000000006e+1
1.530000000000006e+1
1.535000000000007e+1
1.540000000000007e+1
1.545000000000007e+1
1.550000000000007e+1
1.555000000000007e+1
1.560000000000007e+1
1.565000000000007e+1
1.570000000000007e+1
1.575000000000007e+1
1.580000000000007e+1
1.585000000000007e+1
1.590000000000007e+1
1.595000000000007e+1
1.600000000000007e+1
1.605000000000008e+1
1.610000000000008e+1
1.615000000000008e+1
1.620000000000008e+1
1.625000000000008e+1
1.630000000000008e+1
1.635000000000008e+1
1.640000000000008e+1
1.645000000000008e+1
1.650000000000008e+1
1.655000000000008e+1
1.660000000000008e+1
1.665000000000008e+1
1.670000000000008e+1
1.675000000000009e+1
1.680000000000009e+1
1.685000000000009e+1
1.690000000000009e+1
1.695000000000009e+1
1.700000000000009e+1
1.705000000000009e+1
1.710000000000009e+1
1.715000000000009e+1
1.720000000000009e+1
1.725000000000009e+1
1.730000000000009e+1
1.735000000000009e+1
1.740000000000009e+1
1.745000000000010e+1
1.750000000000010e+1
1.755000000000010e+1
1.760000000000010e+1
1.765000000000010e+1
1.770000000000010e+1
1.775000000000010e+1
1.780000000000010e+1
1.785000000000010e+1
1.790000000000010e+1
1.795000000000010e+1
1.800000000000010e+1
1.805000000000010e+1
1.810000000000010e+1
1.815000000000011e+1
1.820000000000011e+1
1.825000000000011e+1
1.830000000000011e+1
1.835000000000011e+1
1.840000000000011e+1
1.845000000000011e+1
1.850000000000011e+1
1.855000000000011e+1
1.860000000000011e+1
1.865000000000011e+1
1.870000000000011e+1
1.875000000000011e+1
1.880000000000011e+1
1.885000000000012e+1
1.890000000000012e+1
1.895000000000012e+1
1.900000000000012e+1
1.905000000000012e+1
1.910000000000012e+1
1.915000000000012e+1
1.920000000000012e+1
1.925000000000012e+1
1.930000000000012e+1
1.935000000000012e+1
1.940000000000012e+1
1.945000000000012e+1
1.950000000000012e+1
1.955000000000013e+1
1.960000000000013e+1
1.965000000000013e+1
1.970000000000013e+1
1.975000000000013e+1
1.980000000000013e+1
1.985000000000013e+1
1.990000000000013e+1
1.995000000000013e+1
2.000000000000013e+1
2.005000000000013e+1
2.010000000000013e+1
2.015000000000013e+1
2.020000000000013e+1
2.025000000000014e+1
2.030000000000014e+1
2.035000000000014e+1
2.040000000000014e+1
2.045000000000014e+1
2.050000000000014e+1
2.055000000000014e+1
2.060000000000014e+1
2.065000000000014e+1
2.070000000000014e+1
2.075000000000014e+1
2.080000000000014e+1
2.085000000000014e+1
2.090000000000014e+1
2.095000000000014e+1
2.100000000000015e+1
2.105000000000015e+1
2.110000000000015e+1
2.115000000000015e+1
2.120000000000015e+1
2.125000000000015e+1
2.130000000000015e+1
2.135000000000015e+1
2.140000000000015e+1
2.145000000000015e+1
2.150000000000015e+1
2.155000000000015e+1
2.160000000000015e+1
2.165000000000015e+1
2.170000000000016e+1
2.175000000000016e+1
2.180000000000016e+1
2.185000000000016e+1
2.190000000000016e+1
2.195000000000016e+1
2.200000000000016e+1
2.205000000000016e+1
2.210000000000016e+1
2.215000000000016e+1
2.220000000000016e+1
2.225000000000016e+1
2.230000000000016e+1
2.235000000000016e+1
2.240000000000017e+1
2.245000000000017e+1
2.250000000000017e+1
2.255000000000017e+1
2.260000000000017e+1
2.265000000000017e+1
2.270000000000017e+1
2.275000000000017e+1
2.280000000000017e+1
2.285000000000017e+1
2.290000000000017e+1
2.295000000000017e+1
2.300000000000017e+1
2.305000000000017e+1
2.310000000000018e+1
2.315000000000018e+1
2.320000000000018e+1
2.325000000000018e+1
2.330000000000018e+1
2.335000000000018e+1
2.340000000000018e+1
2.345000000000018e+1
2.350000000000018e+1
2.355000000000018e+1
2.360000000000018e+1
2.365000000000018e+1
2.370000000000018e+1
2.375000000000018e+1
2.380000000000019e+1
2.385000000000019e+1
2.390000000000019e+1
2.395000000000019e+1
2.400000000000019e+1
2.405000000000019e+1
2.410000000000019e+1
2.415000000000019e+1
2.420000000000019e+1
2.425000000000019e+1
2.430000000000019e+1
2.435000000000019e+1
2.440000000000019e+1
2.445000000000019e+1
2.450000000000020e+1
2.455000000000020e+1
2.460000000000020e+1
2.465000000000020e+1
2.470000000000020e+1
2.475000000000020e+1
2.480000000000020e+1
2.485000000000020e+1
2.490000000000020e+1
2.495000000000020e+1
2.500000000000020e+1
2.505000000000020e+1
2.510000000000020e+1
2.515000000000020e+1
2.520000000000021e+1
2.525000000000021e+1
2.530000000000021e+1
2.535000000000021e+1
2.540000000000021e+1
2.545000000000021e+1
2.550000000000021e+1
2.555000000000021e+1
2.560000000000021e+1
2.565000000000021e+1
2.570000000000021e+1
2.575000000000021e+1
2.580000000000021e+1
2.585000000000021e+1
2.590000000000022e+1
2.595000000000022e+1
2.600000000000022e+1
2.605000000000022e+1
2.610000000000022e+1
2.615000000000022e+1
2.620000000000022e+1
2.625000000000022e+1
2.630000000000022e+1
2.635000000000022e+1
2.640000000000022e+1
2.645000000000022e+1
2.650000000000022e+1
2.655000000000022e+1
2.660000000000023e+1
2.665000000000023e+1
2.670000000000023e+1
2.675000000000023e+1
2.680000000000023e+1
2.685000000000023e+1
2.690000000000023e+1
2.695000000000023e+1
2.700000000000023e+1
2.705000000000023e+1
2.710000000000023e+1
2.715000000000023e+1
2.720000000000023e+1
2.725000000000023e+1
2.730000000000024e+1
2.735000000000024e+1
2.740000000000024e+1
2.745000000000024e+1
2.750000000000024e+1
2.755000000000024e+1
2.760000000000024e+1
2.765000000000024e+1
2.770000000000024e+1
2.775000000000024e+1
2.780000000000024e+1
2.785000000000024e+1
2.790000000000024e+1
2.795000000000024e+1
2.800000000000025e+1
2.805000000000025e+1
2.810000000000025e+1
2.815000000000025e+1
2.820000000000025e+1
2.825000000000025e+1
2.830000000000025e+1
2.835000000000025e+1
2.840000000000025e+1
2.845000000000025e+1
2.850000000000025e+1
2.855000000000025e+1
2.860000000000025e+1
2.865000000000025e+1
2.870000000000026e+1
2.875000000000026e+1
2.880000000000026e+1
2.885000000000026e+1
2.890000000000026e+1
2.895000000000026e+1
2.900000000000026e+1
2.905000000000026e+1
2.910000000000026e+1
2.915000000000026e+1
2.920000000000026e+1
2.925000000000026e+1
2.930000000000026e+1
2.935000000000026e+1
2.940000000000027e+1
2.945000000000027e+1
2.950000000000027e+1
2.955000000000027e+1
2.960000000000027e+1
2.965000000000027e+1
2.970000000000027e+1
2.975000000000027e+1
2.980000000000027e+1
2.985000000000027e+1
2.990000000000027e+1
2.995000000000027e+1
3.000000000000027e+1
3.005000000000027e+1
3.010000000000027e+1
3.015000000000028e+1
3.020000000000028e+1
3.025000000000028e+1
3.030000000000028e+1
3.035000000000028e+1
3.040000000000028e+1
3.045000000000028e+1
3.050000000000028e+1
3.055000000000028e+1
3.060000000000028e+1
3.065000000000028e+1
3.070000000000028e+1
3.075000000000028e+1
3.080000000000028e+1
3.085000000000029e+1
3.090000000000029e+1
3.095000000000029e+1
3.100000000000029e+1
3.105000000000029e+1
3.110000000000029e+1
3.115000000000029e+1
3.120000000000029e+1
3.125000000000029e+1
3.130000000000029e+1
3.135000000000029e+1
3.140000000000029e+1
3.145000000000029e+1
3.150000000000029e+1
3.155000000000030e+1
3.160000000000030e+1
3.165000000000030e+1
3.170000000000030e+1
3.175000000000030e+1
3.180000000000030e+1
3.185000000000030e+1
3.190000000000030e+1
3.195000000000030e+1
3.200000000000030e+1
3.205000000000030e+1
3.210000000000029e+1
3.215000000000029e+1
3.220000000000029e+1
3.225000000000028e+1
3.230000000000028e+1
3.235000000000028e+1
3.240000000000028e+1
3.245000000000027e+1
3.250000000000027e+1
3.255000000000027e+1
3.260000000000026e+1
3.265000000000026e+1
3.270000000000026e+1
3.275000000000026e+1
3.280000000000025e+1
3.285000000000025e+1
3.290000000000025e+1
3.295000000000024e+1
3.300000000000024e+1
3.305000000000024e+1
3.310000000000024e+1
3.315000000000023e+1
3.320000000000023e+1
3.325000000000023e+1
3.330000000000022e+1
3.335000000000022e+1
3.340000000000022e+1
3.345000000000022e+1
3.350000000000021e+1
3.355000000000021e+1
3.360000000000021e+1
3.365000000000020e+1
3.370000000000020e+1
3.375000000000020e+1
3.380000000000020e+1
3.385000000000019e+1
3.390000000000019e+1
3.395000000000019e+1
3.400000000000018e+1
3.405000000000018e+1
3.410000000000018e+1
3.415000000000018e+1
3.420000000000017e+1
3.425000000000017e+1
3.430000000000017e+1
3.435000000000016e+1
3.440000000000016e+1
3.445000000000016e+1
3.450000000000016e+1
3.455000000000015e+1
3.460000000000015e+1
3.465000000000015e+1
3.470000000000014e+1
3.475000000000014e+1
3.480000000000014e+1
3.485000000000014e+1
3.490000000000013e+1
3.495000000000013e+1
3.500000000000013e+1
3.505000000000013e+1
3.510000000000012e+1
3.515000000000012e+1
3.520000000000012e+1
3.525000000000011e+1
3.530000000000011e+1
3.535000000000011e+1
3.540000000000011e+1
3.545000000000010e+1
3.550000000000010e+1
3.555000000000010e+1
3.560000000000009e+1
3.565000000000009e+1
3.570000000000009e+1
3.575000000000009e+1
3.580000000000008e+1
3.585000000000008e+1
3.590000000000008e+1
3.595000000000007e+1
3.600000000000007e+1
3.605000000000007e+1
3.610000000000007e+1
3.615000000000006e+1
3.620000000000006e+1
3.625000000000006e+1
3.630000000000005e+1
3.635000000000005e+1
3.640000000000005e+1
3.645000000000005e+1
3.650000000000004e+1
3.655000000000004e+1
3.660000000000004e+1
3.665000000000003e+1
3.670000000000003e+1
3.675000000000003e+1
3.680000000000003e+1
3.685000000000002e+1
3.690000000000002e+1
3.695000000000002e+1
3.700000000000001e+1
3.705000000000001e+1
3.710000000000001e+1
3.715000000000001e+1
3.720000000000000e+1
3.725000000000000e+1
3.730000000000000e+1
3.734999999999999e+1
3.739999999999999e+1
3.744999999999999e+1
3.749999999999999e+1
3.754999999999998e+1
3.759999999999998e+1
3.764999999999998e+1
3.769999999999997e+1
3.774999999999997e+1
3.779999999999997e+1
3.784999999999997e+1
3.789999999999996e+1
3.794999999999996e+1
3.799999999999996e+1
3.804999999999995e+1
3.809999999999995e+1
3.814999999999995e+1
3.819999999999995e+1
3.824999999999994e+1
3.829999999999994e+1
3.834999999999994e+1
3.839999999999993e+1
3.844999999999993e+1
3.849999999999993e+1
3.854999999999993e+1
3.859999999999992e+1
3.864999999999992e+1
3.869999999999992e+1
3.874999999999991e+1
3.879999999999991e+1
3.884999999999991e+1
3.889999999999991e+1
3.894999999999990e+1
3.899999999999990e+1
3.904999999999990e+1
3.909999999999989e+1
3.914999999999989e+1
3.919999999999989e+1
3.924999999999989e+1
3.929999999999988e+1
3.934999999999988e+1
3.939999999999988e+1
3.944999999999987e+1
3.949999999999987e+1
3.954999999999987e+1
3.959999999999987e+1
3.964999999999986e+1
3.969999999999986e+1
3.974999999999986e+1
3.979999999999986e+1
3.984999999999985e+1
3.989999999999985e+1
3.994999999999985e+1
3.999999999999984e+1
4.004999999999984e+1
4.009999999999984e+1
4.014999999999984e+1
4.019999999999983e+1
4.024999999999983e+1
4.029999999999983e+1
4.034999999999982e+1
4.039999999999982e+1
4.044999999999982e+1
4.049999999999982e+1
4.054999999999981e+1
4.059999999999981e+1
4.064999999999981e+1
4.069999999999980e+1
4.074999999999980e+1
4.079999999999980e+1
4.084999999999980e+1
4.089999999999979e+1
4.094999999999979e+1
4.099999999999979e+1
4.104999999999978e+1
4.109999999999978e+1
4.114999999999978e+1
4.119999999999978e+1
4.124999999999977e+1
4.129999999999977e+1
4.134999999999977e+1
4.139999999999976e+1
4.144999999999976e+1
4.149999999999976e+1
4.154999999999976e+1
4.159999999999975e+1
4.164999999999975e+1
4.169999999999975e+1
4.174999999999974e+1
4.179999999999974e+1
4.184999999999974e+1
4.189999999999974e+1
4.194999999999973e+1
4.199999999999973e+1
4.204999999999973e+1
4.209999999999972e+1
4.214999999999972e+1
4.219999999999972e+1
4.224999999999972e+1
4.229999999999971e+1
4.234999999999971e+1
4.239999999999971e+1
4.244999999999970e+1
4.249999999999970e+1
4.254999999999970e+1
4.259999999999970e+1
4.264999999999969e+1
4.269999999999969e+1
4.274999999999969e+1
4.279999999999968e+1
4.284999999999968e+1
4.289999999999968e+1
4.294999999999968e+1
4.299999999999967e+1
4.304999999999967e+1
4.309999999999967e+1
4.314999999999966e+1
4.319999999999966e+1
4.324999999999966e+1
4.329999999999966e+1
4.334999999999965e+1
4.339999999999965e+1
4.344999999999965e+1
4.349999999999964e+1
4.354999999999964e+1
4.359999999999964e+1
4.364999999999964e+1
4.369999999999963e+1
4.374999999999963e+1
4.379999999999963e+1
4.384999999999962e+1
4.389999999999962e+1
4.394999999999962e+1
4.399999999999962e+1
4.404999999999961e+1
4.409999999999961e+1
4.414999999999961e+1
4.419999999999960e+1
4.424999999999960e+1
4.429999999999960e+1
4.434999999999960e+1
4.439999999999959e+1
4.444999999999959e+1
4.449999999999959e+1
4.454999999999959e+1
4.459999999999958e+1
4.464999999999958e+1
4.469999999999958e+1
4.474999999999957e+1
4.479999999999957e+1
4.484999999999957e+1
4.489999999999957e+1
4.494999999999956e+1
4.499999999999956e+1
4.504999999999956e+1
4.509999999999955e+1
4.514999999999955e+1
4.519999999999955e+1
4.524999999999955e+1
4.529999999999954e+1
4.534999999999954e+1
4.539999999999954e+1
4.544999999999953e+1
4.549999999999953e+1
4.554999999999953e+1
4.559999999999953e+1
4.564999999999952e+1
4.569999999999952e+1
4.574999999999952e+1
4.579999999999951e+1
4.584999999999951e+1
4.589999999999951e+1
4.594999999999951e+1
4.599999999999950e+1
4.604999999999950e+1
4.609999999999950e+1
4.614999999999949e+1
4.619999999999949e+1
4.624999999999949e+1
4.629999999999949e+1
4.634999999999948e+1
4.639999999999948e+1
4.644999999999948e+1
4.649999999999947e+1
4.654999999999947e+1
4.659999999999947e+1
4.664999999999947e+1
4.669999999999946e+1
4.674999999999946e+1
4.679999999999946e+1
4.684999999999945e+1
4.689999999999945e+1
4.694999999999945e+1
4.699999999999945e+1
4.704999999999944e+1
4.709999999999944e+1
4.714999999999944e+1
4.719999999999943e+1
4.724999999999943e+1
4.729999999999943e+1
4.734999999999943e+1
4.739999999999942e+1
4.744999999999942e+1
4.749999999999942e+1
4.754999999999941e+1
4.759999999999941e+1
4.764999999999941e+1
4.769999999999941e+1
4.774999999999940e+1
4.779999999999940e+1
4.784999999999940e+1
4.789999999999939e+1
4.794999999999939e+1
4.799999999999939e+1
4.804999999999939e+1
4.809999999999938e+1
4.814999999999938e+1
4.819999999999938e+1
4.824999999999937e+1
4.829999999999937e+1
4.834999999999937e+1
4.839999999999937e+1
4.844999999999936e+1
4.849999999999936e+1
4.854999999999936e+1
4.859999999999935e+1
4.864999999999935e+1
4.869999999999935e+1
4.874999999999935e+1
4.879999999999934e+1
4.884999999999934e+1
4.889999999999934e+1
4.894999999999933e+1
4.899999999999933e+1
4.904999999999933e+1
4.909999999999933e+1
4.914999999999932e+1
4.919999999999932e+1
4.924999999999932e+1
4.929999999999932e+1
4.934999999999931e+1
4.939999999999931e+1
4.944999999999931e+1
4.949999999999930e+1
4.954999999999930e+1
4.959999999999930e+1
4.964999999999930e+1
4.969999999999929e+1
4.974999999999929e+1
4.979999999999929e+1
4.984999999999928e+1
4.989999999999928e+1
4.994999999999928e+1
4.999999999999928e+1
5.004999999999927e+1
5.009999999999927e+1
5.014999999999927e+1
5.019999999999926e+1
5.024999999999926e+1
5.029999999999926e+1
5.034999999999926e+1
5.039999999999925e+1
5.044999999999925e+1
5.049999999999925e+1
5.054999999999924e+1
5.059999999999924e+1
5.064999999999924e+1
5.069999999999924e+1
5.074999999999923e+1
5.079999999999923e+1
5.084999999999923e+1
5.089999999999922e+1
5.094999999999922e+1
5.099999999999922e+1
5.104999999999922e+1
5.109999999999921e+1
5.114999999999921e+1
5.119999999999921e+1
5.124999999999920e+1
5.129999999999920e+1
5.134999999999920e+1
5.139999999999920e+1
5.144999999999919e+1
5.149999999999919e+1
5.154999999999919e+1
5.159999999999918e+1
5.164999999999918e+1
5.169999999999918e+1
5.174999999999918e+1
5.179999999999917e+1
5.184999999999917e+1
5.189999999999917e+1
5.194999999999916e+1
5.199999999999916e+1
5.204999999999916e+1
5.209999999999916e+1
5.214999999999915e+1
5.219999999999915e+1
5.224999999999915e+1
5.229999999999914e+1
5.234999999999914e+1
5.239999999999914e+1
5.244999999999914e+1
5.249999999999913e+1
5.254999999999913e+1
5.259999999999913e+1
5.264999999999912e+1
5.269999999999912e+1
5.274999999999912e+1
5.279999999999912e+1
5.284999999999911e+1
5.289999999999911e+1
5.294999999999911e+1
5.299999999999910e+1
5.304999999999910e+1
5.309999999999910e+1
5.314999999999910e+1
5.319999999999909e+1
5.324999999999909e+1
5.329999999999909e+1
5.334999999999908e+1
5.339999999999908e+1
5.344999999999908e+1
5.349999999999908e+1
5.354999999999907e+1
5.359999999999907e+1
5.364999999999907e+1
5.369999999999906e+1
5.374999999999906e+1
5.379999999999906e+1
5.384999999999906e+1
5.389999999999905e+1
5.394999999999905e+1
5.399999999999905e+1
5.404999999999905e+1
5.409999999999904e+1
5.414999999999904e+1
5.419999999999904e+1
5.424999999999903e+1
5.429999999999903e+1
5.434999999999903e+1
5.439999999999903e+1
5.444999999999902e+1
5.449999999999902e+1
5.454999999999902e+1
5.459999999999901e+1
5.464999999999901e+1
5.469999999999901e+1
5.474999999999901e+1
5.479999999999900e+1
5.484999999999900e+1
5.489999999999900e+1
5.494999999999899e+1
5.499999999999899e+1
5.504999999999899e+1
5.509999999999899e+1
5.514999999999898e+1
5.519999999999898e+1
5.524999999999898e+1
5.529999999999897e+1
5.534999999999897e+1
5.539999999999897e+1
5.544999999999897e+1
5.549999999999896e+1
5.554999999999896e+1
5.559999999999896e+1
5.564999999999895e+1
5.569999999999895e+1
5.574999999999895e+1
5.579999999999895e+1
5.584999999999894e+1
5.589999999999894e+1
5.594999999999894e+1
5.599999999999893e+1
5.604999999999893e+1
5.609999999999893e+1
5.614999999999893e+1
5.619999999999892e+1
5.624999999999892e+1
5.629999999999892e+1
5.634999999999891e+1
5.639999999999891e+1
5.644999999999891e+1
5.649999999999891e+1
5.654999999999890e+1
5.659999999999890e+1
5.664999999999890e+1
5.669999999999889e+1
5.674999999999889e+1
5.679999999999889e+1
5.684999999999889e+1
5.689999999999888e+1
5.694999999999888e+1
5.699999999999888e+1
5.704999999999887e+1
5.709999999999887e+1
5.714999999999887e+1
5.719999999999887e+1
5.724999999999886e+1
5.729999999999886e+1
5.734999999999886e+1
5.739999999999885e+1
5.744999999999885e+1
5.749999999999885e+1
5.754999999999885e+1
5.759999999999884e+1
5.764999999999884e+1
5.769999999999884e+1
5.774999999999883e+1
5.779999999999883e+1
5.784999999999883e+1
5.789999999999883e+1
5.794999999999882e+1
5.799999999999882e+1
5.804999999999882e+1
5.809999999999881e+1
5.814999999999881e+1
5.819999999999881e+1
5.824999999999881e+1
5.829999999999880e+1
5.834999999999880e+1
5.839999999999880e+1
5.844999999999879e+1
5.849999999999879e+1
5.854999999999879e+1
5.859999999999879e+1
5.864999999999878e+1
5.869999999999878e+1
5.874999999999878e+1
5.879999999999878e+1
5.884999999999877e+1
5.889999999999877e+1
5.894999999999877e+1
5.899999999999876e+1
5.904999999999876e+1
5.909999999999876e+1
5.914999999999876e+1
5.919999999999875e+1
5.924999999999875e+1
5.929999999999875e+1
5.934999999999874e+1
5.939999999999874e+1
5.944999999999874e+1
5.949999999999874e+1
5.954999999999873e+1
5.959999999999873e+1
5.964999999999873e+1
5.969999999999872e+1
5.974999999999872e+1
5.979999999999872e+1
5.984999999999872e+1
5.989999999999871e+1
5.994999999999871e+1
5.999999999999871e+1
6.004999999999870e+1
6.009999999999870e+1
6.014999999999870e+1
6.019999999999870e+1
6.024999999999869e+1
6.029999999999869e+1
6.034999999999869e+1
6.039999999999868e+1
6.044999999999868e+1
6.049999999999868e+1
6.054999999999868e+1
6.059999999999867e+1
6.064999999999867e+1
6.069999999999867e+1
6.074999999999866e+1
6.079999999999866e+1
6.084999999999866e+1
6.089999999999866e+1
6.094999999999865e+1
6.099999999999865e+1
6.104999999999865e+1
6.109999999999864e+1
6.114999999999864e+1
6.119999999999864e+1
6.124999999999864e+1
6.129999999999863e+1
6.134999999999863e+1
6.139999999999863e+1
6.144999999999862e+1
6.149999999999862e+1
6.154999999999862e+1
6.159999999999862e+1
6.164999999999861e+1
6.169999999999861e+1
6.174999999999861e+1
6.179999999999860e+1
6.184999999999860e+1
6.189999999999860e+1
6.194999999999860e+1
6.199999999999859e+1
6.204999999999859e+1
6.209999999999859e+1
6.214999999999858e+1
6.219999999999858e+1
6.224999999999858e+1
6.229999999999858e+1
6.234999999999857e+1
6.239999999999857e+1
6.244999999999857e+1
6.249999999999856e+1
6.254999999999856e+1
6.259999999999856e+1
6.264999999999856e+1
6.269999999999855e+1
6.274999999999855e+1
6.279999999999855e+1
6.284999999999854e+1
6.289999999999854e+1
6.294999999999854e+1
6.299999999999854e+1
6.304999999999853e+1
6.309999999999853e+1
6.314999999999853e+1
6.319999999999852e+1
6.324999999999852e+1
6.329999999999852e+1
6.334999999999852e+1
6.339999999999851e+1
6.344999999999851e+1
6.349999999999851e+1
6.354999999999851e+1
6.359999999999850e+1
6.364999999999850e+1
6.369999999999850e+1
6.374999999999849e+1
6.379999999999849e+1
6.384999999999849e+1
6.389999999999849e+1
6.394999999999848e+1
6.399999999999848e+1
6.404999999999848e+1
6.409999999999847e+1
6.414999999999847e+1
6.419999999999847e+1
6.424999999999847e+1
6.429999999999846e+1
6.434999999999846e+1
6.439999999999846e+1
6.444999999999845e+1
6.449999999999845e+1
6.454999999999845e+1
6.459999999999845e+1
6.464999999999844e+1
6.469999999999844e+1
6.474999999999844e+1
6.479999999999843e+1
6.484999999999843e+1
6.489999999999843e+1
6.494999999999843e+1
6.499999999999842e+1
6.504999999999842e+1
6.509999999999842e+1
6.514999999999841e+1
6.519999999999841e+1
6.524999999999841e+1
6.529999999999841e+1
6.534999999999840e+1
6.539999999999840e+1
6.544999999999840e+1
6.549999999999839e+1
6.554999999999839e+1
6.559999999999839e+1
6.564999999999839e+1
6.569999999999838e+1
6.574999999999838e+1
6.579999999999838e+1
6.584999999999837e+1
6.589999999999837e+1
6.594999999999837e+1
6.599999999999837e+1
6.604999999999836e+1
6.609999999999836e+1
6.614999999999836e+1
6.619999999999835e+1
6.624999999999835e+1
6.629999999999835e+1
6.634999999999835e+1
6.639999999999834e+1
6.644999999999834e+1
6.649999999999834e+1
6.654999999999833e+1
6.659999999999833e+1
6.664999999999833e+1
6.669999999999833e+1
6.674999999999832e+1
6.679999999999832e+1
6.684999999999832e+1
6.689999999999831e+1
6.694999999999831e+1
6.699999999999831e+1
6.704999999999831e+1
6.709999999999830e+1
6.714999999999830e+1
6.719999999999830e+1
6.724999999999829e+1
6.729999999999829e+1
6.734999999999829e+1
6.739999999999829e+1
6.744999999999828e+1
6.749999999999828e+1
6.754999999999828e+1
6.759999999999827e+1
6.764999999999827e+1
6.769999999999827e+1
6.774999999999827e+1
6.779999999999826e+1
6.784999999999826e+1
6.789999999999826e+1
6.794999999999825e+1
6.799999999999825e+1
6.804999999999825e+1
6.809999999999825e+1
6.814999999999824e+1
6.819999999999824e+1
6.824999999999824e+1
6.829999999999824e+1
6.834999999999823e+1
6.839999999999823e+1
6.844999999999823e+1
6.849999999999822e+1
6.854999999999822e+1
6.859999999999822e+1
6.864999999999822e+1
6.869999999999821e+1
6.874999999999821e+1
6.879999999999821e+1
6.884999999999820e+1
6.889999999999820e+1
6.894999999999820e+1
6.899999999999820e+1
6.904999999999819e+1
6.909999999999819e+1
6.914999999999819e+1
6.919999999999818e+1
6.924999999999818e+1
6.929999999999818e+1
6.934999999999818e+1
6.939999999999817e+1
6.944999999999817e+1
6.949999999999817e+1
6.954999999999816e+1
6.959999999999816e+1
6.964999999999816e+1
6.969999999999816e+1
6.974999999999815e+1
6.979999999999815e+1
6.984999999999815e+1
6.989999999999814e+1
6.994999999999814e+1
6.999999999999814e+1
7.004999999999814e+1
7.009999999999813e+1
7.014999999999813e+1
7.019999999999813e+1
7.024999999999812e+1
7.029999999999812e+1
7.034999999999812e+1
7.039999999999812e+1
7.044999999999811e+1
7.049999999999811e+1
7.054999999999811e+1
7.059999999999810e+1
7.064999999999810e+1
7.069999999999810e+1
7.074999999999810e+1
7.079999999999809e+1
7.084999999999809e+1
7.089999999999809e+1
7.094999999999808e+1
7.099999999999808e+1
7.104999999999808e+1
7.109999999999808e+1
7.114999999999807e+1
7.119999999999807e+1
7.124999999999807e+1
7.129999999999806e+1
7.134999999999806e+1
7.139999999999806e+1
7.144999999999806e+1
7.149999999999805e+1
7.154999999999805e+1
7.159999999999805e+1
7.164999999999804e+1
7.169999999999804e+1
7.174999999999804e+1
7.179999999999804e+1
7.184999999999803e+1
7.189999999999803e+1
7.194999999999803e+1
7.199999999999802e+1
7.204999999999802e+1
7.209999999999802e+1
7.214999999999802e+1
7.219999999999801e+1
7.224999999999801e+1
7.229999999999801e+1
7.234999999999800e+1
7.239999999999800e+1
7.244999999999800e+1
7.249999999999800e+1
7.254999999999799e+1
7.259999999999799e+1
7.264999999999799e+1
7.269999999999798e+1
7.274999999999798e+1
7.279999999999798e+1
7.284999999999798e+1
7.289999999999797e+1
7.294999999999797e+1
7.299999999999797e+1
7.304999999999797e+1
7.309999999999796e+1
7.314999999999796e+1
7.319999999999796e+1
7.324999999999795e+1
7.329999999999795e+1
7.334999999999795e+1
7.339999999999795e+1
7.344999999999794e+1
7.349999999999794e+1
7.354999999999794e+1
7.359999999999793e+1
7.364999999999793e+1
7.369999999999793e+1
7.374999999999793e+1
7.379999999999792e+1
7.384999999999792e+1
7.389999999999792e+1
7.394999999999791e+1
7.399999999999791e+1
7.404999999999791e+1
7.409999999999791e+1
7.414999999999790e+1
7.419999999999790e+1
7.424999999999790e+1
7.429999999999789e+1
7.434999999999789e+1
7.439999999999789e+1
7.444999999999789e+1
7.449999999999788e+1
7.454999999999788e+1
7.459999999999788e+1
7.464999999999787e+1
7.469999999999787e+1
7.474999999999787e+1
7.479999999999787e+1
7.484999999999786e+1
7.489999999999786e+1
7.494999999999786e+1
7.499999999999785e+1
7.504999999999785e+1
7.509999999999785e+1
7.514999999999785e+1
7.519999999999784e+1
7.524999999999784e+1
7.529999999999784e+1
7.534999999999783e+1
7.539999999999783e+1
7.544999999999783e+1
7.549999999999783e+1
7.554999999999782e+1
7.559999999999782e+1
7.564999999999782e+1
7.569999999999781e+1
7.574999999999781e+1
7.579999999999781e+1
7.584999999999781e+1
7.589999999999780e+1
7.594999999999780e+1
7.599999999999780e+1
7.604999999999779e+1
7.609999999999779e+1
7.614999999999779e+1
7.619999999999779e+1
7.624999999999778e+1
7.629999999999778e+1
7.634999999999778e+1
7.639999999999777e+1
7.644999999999777e+1
7.649999999999777e+1
7.654999999999777e+1
7.659999999999776e+1
7.664999999999776e+1
7.669999999999776e+1
7.674999999999775e+1
7.679999999999775e+1
7.684999999999775e+1
7.689999999999775e+1
7.694999999999774e+1
7.699999999999774e+1
7.704999999999774e+1
7.709999999999773e+1
7.714999999999773e+1
7.719999999999773e+1
7.724999999999773e+1
7.729999999999772e+1
7.734999999999772e+1
7.739999999999772e+1
7.744999999999771e+1
7.749999999999771e+1
7.754999999999771e+1
7.759999999999771e+1
7.764999999999770e+1
7.769999999999770e+1
7.774999999999770e+1
7.779999999999769e+1
7.784999999999769e+1
7.789999999999769e+1
7.794999999999769e+1
7.799999999999768e+1
7.804999999999768e+1
7.809999999999768e+1
7.814999999999768e+1
7.819999999999767e+1
7.824999999999767e+1
7.829999999999767e+1
7.834999999999766e+1
7.839999999999766e+1
7.844999999999766e+1
7.849999999999766e+1
7.854999999999765e+1
7.859999999999765e+1
7.864999999999765e+1
7.869999999999764e+1
7.874999999999764e+1
7.879999999999764e+1
7.884999999999764e+1
7.889999999999763e+1
7.894999999999763e+1
7.899999999999763e+1
7.904999999999762e+1
7.909999999999762e+1
7.914999999999762e+1
7.919999999999762e+1
7.924999999999761e+1
7.929999999999761e+1
7.934999999999761e+1
7.939999999999760e+1
7.944999999999760e+1
7.949999999999760e+1
7.954999999999760e+1
7.959999999999759e+1
7.964999999999759e+1
7.969999999999759e+1
7.974999999999758e+1
7.979999999999758e+1
7.984999999999758e+1
7.989999999999758e+1
7.994999999999757e+1
7.999999999999757e+1
8.004999999999757e+1
8.009999999999756e+1
8.014999999999756e+1
8.019999999999756e+1
8.024999999999756e+1
8.029999999999755e+1
8.034999999999755e+1
8.039999999999755e+1
8.044999999999754e+1
8.049999999999754e+1
8.054999999999754e+1
8.059999999999754e+1
8.064999999999753e+1
8.069999999999753e+1
8.074999999999753e+1
8.079999999999752e+1
8.084999999999752e+1
8.089999999999752e+1
8.094999999999752e+1
8.099999999999751e+1
8.104999999999751e+1
8.109999999999751e+1
8.114999999999750e+1
8.119999999999750e+1
8.124999999999750e+1
8.129999999999750e+1
8.134999999999749e+1
8.139999999999749e+1
8.144999999999749e+1
8.149999999999748e+1
8.154999999999748e+1
8.159999999999748e+1
8.164999999999748e+1
8.169999999999747e+1
8.174999999999747e+1
8.179999999999747e+1
8.184999999999746e+1
8.189999999999746e+1
8.194999999999746e+1
8.199999999999746e+1
8.204999999999745e+1
8.209999999999745e+1
8.214999999999745e+1
8.219999999999744e+1
8.224999999999744e+1
8.229999999999744e+1
8.234999999999744e+1
8.239999999999743e+1
8.244999999999743e+1
8.249999999999743e+1
8.254999999999742e+1
8.259999999999742e+1
8.264999999999742e+1
8.269999999999742e+1
8.274999999999741e+1
8.279999999999741e+1
8.284999999999741e+1
8.289999999999741e+1
8.294999999999740e+1
8.299999999999740e+1
8.304999999999740e+1
8.309999999999739e+1
8.314999999999739e+1
8.319999999999739e+1
8.324999999999739e+1
8.329999999999738e+1
8.334999999999738e+1
8.339999999999738e+1
8.344999999999737e+1
8.349999999999737e+1
8.354999999999737e+1
8.359999999999737e+1
8.364999999999736e+1
8.369999999999736e+1
8.374999999999736e+1
8.379999999999735e+1
8.384999999999735e+1
8.389999999999735e+1
8.394999999999735e+1
8.399999999999734e+1
8.404999999999734e+1
8.409999999999734e+1
8.414999999999733e+1
8.419999999999733e+1
8.424999999999733e+1
8.429999999999733e+1
8.434999999999732e+1
8.439999999999732e+1
8.444999999999732e+1
8.449999999999731e+1
8.454999999999731e+1
8.459999999999731e+1
8.464999999999731e+1
8.469999999999730e+1
8.474999999999730e+1
8.479999999999730e+1
8.484999999999729e+1
8.489999999999729e+1
8.494999999999729e+1
8.499999999999729e+1
8.504999999999728e+1
8.509999999999728e+1
8.514999999999728e+1
8.519999999999727e+1
8.524999999999727e+1
8.529999999999727e+1
8.534999999999727e+1
8.539999999999726e+1
8.544999999999726e+1
8.549999999999726e+1
8.554999999999725e+1
8.559999999999725e+1
8.564999999999725e+1
8.569999999999725e+1
8.574999999999724e+1
8.579999999999724e+1
8.584999999999724e+1
8.589999999999723e+1
8.594999999999723e+1
8.599999999999723e+1
8.604999999999723e+1
8.609999999999722e+1
8.614999999999722e+1
8.619999999999722e+1
8.624999999999721e+1
8.629999999999721e+1
8.634999999999721e+1
8.639999999999721e+1
8.644999999999720e+1
8.649999999999720e+1
8.654999999999720e+1
8.659999999999719e+1
8.664999999999719e+1
8.669999999999719e+1
8.674999999999719e+1
8.679999999999718e+1
8.684999999999718e+1
8.689999999999718e+1
8.694999999999717e+1
8.699999999999717e+1
8.704999999999717e+1
8.709999999999717e+1
8.714999999999716e+1
8.719999999999716e+1
8.724999999999716e+1
8.729999999999715e+1
8.734999999999715e+1
8.739999999999715e+1
8.744999999999715e+1
8.749999999999714e+1
8.754999999999714e+1
8.759999999999714e+1
8.764999999999714e+1
8.769999999999713e+1
8.774999999999713e+1
8.779999999999713e+1
8.784999999999712e+1
8.789999999999712e+1
8.794999999999712e+1
8.799999999999712e+1
8.804999999999711e+1
8.809999999999711e+1
8.814999999999711e+1
8.819999999999710e+1
8.824999999999710e+1
8.829999999999710e+1
8.834999999999710e+1
8.839999999999709e+1
8.844999999999709e+1
8.849999999999709e+1
8.854999999999708e+1
8.859999999999708e+1
8.864999999999708e+1
8.869999999999708e+1
8.874999999999707e+1
8.879999999999707e+1
8.884999999999707e+1
8.889999999999706e+1
8.894999999999706e+1
8.899999999999706e+1
8.904999999999706e+1
8.909999999999705e+1
8.914999999999705e+1
8.919999999999705e+1
8.924999999999704e+1
8.929999999999704e+1
8.934999999999704e+1
8.939999999999704e+1
8.944999999999703e+1
8.949999999999703e+1
8.954999999999703e+1
8.959999999999702e+1
8.964999999999702e+1
8.969999999999702e+1
8.974999999999702e+1
8.979999999999701e+1
8.984999999999701e+1
8.989999999999701e+1
8.994999999999700e+1
8.999999999999700e+1
9.004999999999700e+1
9.009999999999700e+1
9.014999999999699e+1
9.019999999999699e+1
9.024999999999699e+1
9.029999999999698e+1
9.034999999999698e+1
9.039999999999698e+1
9.044999999999698e+1
9.049999999999697e+1
9.054999999999697e+1
9.059999999999697e+1
9.064999999999696e+1
9.069999999999696e+1
9.074999999999696e+1
9.079999999999696e+1
9.084999999999695e+1
9.089999999999695e+1
9.094999999999695e+1
9.099999999999694e+1
9.104999999999694e+1
9.109999999999694e+1
9.114999999999694e+1
9.119999999999693e+1
9.124999999999693e+1
9.129999999999693e+1
9.134999999999692e+1
9.139999999999692e+1
9.144999999999692e+1
9.149999999999692e+1
9.154999999999691e+1
9.159999999999691e+1
9.164999999999691e+1
9.169999999999690e+1
9.174999999999690e+1
9.179999999999690e+1
9.184999999999690e+1
9.189999999999689e+1
9.194999999999689e+1
9.199999999999689e+1
9.204999999999688e+1
9.209999999999688e+1
9.214999999999688e+1
9.219999999999688e+1
9.224999999999687e+1
9.229999999999687e+1
9.234999999999687e+1
9.239999999999687e+1
9.244999999999686e+1
9.249999999999686e+1
9.254999999999686e+1
9.259999999999685e+1
9.264999999999685e+1
9.269999999999685e+1
9.274999999999685e+1
9.279999999999684e+1
9.284999999999684e+1
9.289999999999684e+1
9.294999999999683e+1
9.299999999999683e+1
9.304999999999683e+1
9.309999999999683e+1
9.314999999999682e+1
9.319999999999682e+1
9.324999999999682e+1
9.329999999999681e+1
9.334999999999681e+1
9.339999999999681e+1
9.344999999999681e+1
9.349999999999680e+1
9.354999999999680e+1
9.359999999999680e+1
9.364999999999679e+1
9.369999999999679e+1
9.374999999999679e+1
9.379999999999679e+1
9.384999999999678e+1
9.389999999999678e+1
9.394999999999678e+1
9.399999999999677e+1
9.404999999999677e+1
9.409999999999677e+1
9.414999999999677e+1
9.419999999999676e+1
9.424999999999676e+1
9.429999999999676e+1
9.434999999999675e+1
9.439999999999675e+1
9.444999999999675e+1
9.449999999999675e+1
9.454999999999674e+1
9.459999999999674e+1
9.464999999999674e+1
9.469999999999673e+1
9.474999999999673e+1
9.479999999999673e+1
9.484999999999673e+1
9.489999999999672e+1
9.494999999999672e+1
9.499999999999672e+1
9.504999999999671e+1
9.509999999999671e+1
9.514999999999671e+1
9.519999999999671e+1
9.524999999999670e+1
9.529999999999670e+1
9.534999999999670e+1
9.539999999999669e+1
9.544999999999669e+1
9.549999999999669e+1
9.554999999999669e+1
9.559999999999668e+1
9.564999999999668e+1
9.569999999999668e+1
9.574999999999667e+1
9.579999999999667e+1
9.584999999999667e+1
9.589999999999667e+1
9.594999999999666e+1
9.599999999999666e+1
9.604999999999666e+1
9.609999999999665e+1
9.614999999999665e+1
9.619999999999665e+1
9.624999999999665e+1
9.629999999999664e+1
9.634999999999664e+1
9.639999999999664e+1
9.644999999999663e+1
9.649999999999663e+1
9.654999999999663e+1
9.659999999999663e+1
9.664999999999662e+1
9.669999999999662e+1
9.674999999999662e+1
9.679999999999661e+1
9.684999999999661e+1
9.689999999999661e+1
9.694999999999661e+1
9.699999999999660e+1
9.704999999999660e+1
9.709999999999660e+1
9.714999999999660e+1
9.719999999999659e+1
9.724999999999659e+1
9.729999999999659e+1
9.734999999999658e+1
9.739999999999658e+1
9.744999999999658e+1
9.749999999999658e+1
9.754999999999657e+1
9.759999999999657e+1
9.764999999999657e+1
9.769999999999656e+1
9.774999999999656e+1
9.779999999999656e+1
9.784999999999656e+1
9.789999999999655e+1
9.794999999999655e+1
9.799999999999655e+1
9.804999999999654e+1
9.809999999999654e+1
9.814999999999654e+1
9.819999999999654e+1
9.824999999999653e+1
9.829999999999653e+1
9.834999999999653e+1
9.839999999999652e+1
9.844999999999652e+1
9.849999999999652e+1
9.854999999999652e+1
9.859999999999651e+1
9.864999999999651e+1
9.869999999999651e+1
9.874999999999650e+1
9.879999999999650e+1
9.884999999999650e+1
9.889999999999650e+1
9.894999999999649e+1
9.899999999999649e+1
9.904999999999649e+1
9.909999999999648e+1
9.914999999999648e+1
9.919999999999648e+1
9.924999999999648e+1
9.929999999999647e+1
9.934999999999647e+1
9.939999999999647e+1
9.944999999999646e+1
9.949999999999646e+1
9.954999999999646e+1
9.959999999999646e+1
9.964999999999645e+1
9.969999999999645e+1
9.974999999999645e+1
9.979999999999644e+1
9.984999999999644e+1
9.989999999999644e+1
9.994999999999644e+1
9.999999999999643e+1
1.000499999999964e+2
1.000999999999964e+2
1.001499999999964e+2
1.001999999999964e+2
1.002499999999964e+2
1.002999999999964e+2
1.003499999999964e+2
1.003999999999964e+2
1.004499999999964e+2
1.004999999999964e+2
1.005499999999964e+2
1.005999999999964e+2
1.006499999999964e+2
1.006999999999964e+2
1.007499999999964e+2
1.007999999999964e+2
1.008499999999964e+2
1.008999999999964e+2
1.009499999999964e+2
1.009999999999964e+2
1.010499999999964e+2
1.010999999999964e+2
1.011499999999964e+2
1.011999999999964e+2
1.012499999999964e+2
1.012999999999964e+2
1.013499999999964e+2
1.013999999999964e+2
1.014499999999964e+2
1.014999999999963e+2
1.015499999999963e+2
1.015999999999963e+2
1.016499999999963e+2
1.016999999999963e+2
1.017499999999963e+2
1.017999999999963e+2
1.018499999999963e+2
1.018999999999963e+2
1.019499999999963e+2
1.019999999999963e+2
1.020499999999963e+2
1.020999999999963e+2
1.021499999999963e+2
1.021999999999963e+2
1.022499999999963e+2
1.022999999999963e+2
1.023499999999963e+2
1.023999999999963e+2
1.024499999999963e+2
1.024999999999963e+2
1.025499999999963e+2
1.025999999999963e+2
1.026499999999963e+2
1.026999999999963e+2
1.027499999999963e+2
1.027999999999963e+2
1.028499999999963e+2
1.028999999999963e+2
1.029499999999963e+2
1.029999999999963e+2
1.030499999999963e+2
1.030999999999963e+2
1.031499999999963e+2
1.031999999999963e+2
1.032499999999962e+2
1.032999999999962e+2
1.033499999999962e+2
1.033999999999962e+2
1.034499999999962e+2
1.034999999999962e+2
1.035499999999962e+2
1.035999999999962e+2
1.036499999999962e+2
1.036999999999962e+2
1.037499999999962e+2
1.037999999999962e+2
1.038499999999962e+2
1.038999999999962e+2
1.039499999999962e+2
1.039999999999962e+2
1.040499999999962e+2
1.040999999999962e+2
1.041499999999962e+2
1.041999999999962e+2
1.042499999999962e+2
1.042999999999962e+2
1.043499999999962e+2
1.043999999999962e+2
1.044499999999962e+2
1.044999999999962e+2
1.045499999999962e+2
1.045999999999962e+2
1.046499999999962e+2
1.046999999999962e+2
1.047499999999962e+2
1.047999999999962e+2
1.048499999999962e+2
1.048999999999962e+2
1.049499999999962e+2
1.049999999999961e+2
1.050499999999961e+2
1.050999999999961e+2
1.051499999999961e+2
1.051999999999961e+2
1.052499999999961e+2
1.052999999999961e+2
1.053499999999961e+2
1.053999999999961e+2
1.054499999999961e+2
1.054999999999961e+2
1.055499999999961e+2
1.055999999999961e+2
1.056499999999961e+2
1.056999999999961e+2
1.057499999999961e+2
1.057999999999961e+2
1.058499999999961e+2
1.058999999999961e+2
1.059499999999961e+2
1.059999999999961e+2
1.060499999999961e+2
1.060999999999961e+2
1.061499999999961e+2
1.061999999999961e+2
1.062499999999961e+2
1.062999999999961e+2
1.063499999999961e+2
1.063999999999961e+2
1.064499999999961e+2
1.064999999999961e+2
1.065499999999961e+2
1.065999999999961e+2
1.066499999999961e+2
1.066999999999961e+2
1.067499999999960e+2
1.067999999999960e+2
1.068499999999960e+2
1.068999999999960e+2
1.069499999999960e+2
1.069999999999960e+2
1.070499999999960e+2
1.070999999999960e+2
1.071499999999960e+2
1.071999999999960e+2
1.072499999999960e+2
1.072999999999960e+2
1.073499999999960e+2
1.073999999999960e+2
1.074499999999960e+2
1.074999999999960e+2
1.075499999999960e+2
1.075999999999960e+2
1.076499999999960e+2
1.076999999999960e+2
1.077499999999960e+2
1.077999999999960e+2
1.078499999999960e+2
1.078999999999960e+2
1.079499999999960e+2
1.079999999999960e+2
1.080499999999960e+2
1.080999999999960e+2
1.081499999999960e+2
1.081999999999960e+2
1.082499999999960e+2
1.082999999999960e+2
1.083499999999960e+2
1.083999999999960e+2
1.084499999999960e+2
1.084999999999959e+2
1.085499999999959e+2
1.085999999999959e+2
1.086499999999959e+2
1.086999999999959e+2
1.087499999999959e+2
1.087999999999959e+2
1.088499999999959e+2
1.088999999999959e+2
1.089499999999959e+2
1.089999999999959e+2
1.090499999999959e+2
1.090999999999959e+2
1.091499999999959e+2
1.091999999999959e+2
1.092499999999959e+2
1.092999999999959e+2
1.093499999999959e+2
1.093999999999959e+2
1.094499999999959e+2
1.094999999999959e+2
1.095499999999959e+2
1.095999999999959e+2
1.096499999999959e+2
1.096999999999959e+2
1.097499999999959e+2
1.097999999999959e+2
1.098499999999959e+2
1.098999999999959e+2
1.099499999999959e+2
1.099999999999959e+2
1.100499999999959e+2
1.100999999999959e+2
1.101499999999959e+2
1.101999999999959e+2
1.102499999999959e+2
1.102999999999958e+2
1.103499999999958e+2
1.103999999999958e+2
1.104499999999958e+2
1.104999999999958e+2
1.105499999999958e+2
1.105999999999958e+2
1.106499999999958e+2
1.106999999999958e+2
1.107499999999958e+2
1.107999999999958e+2
1.108499999999958e+2
1.108999999999958e+2
1.109499999999958e+2
1.109999999999958e+2
1.110499999999958e+2
1.110999999999958e+2
1.111499999999958e+2
1.111999999999958e+2
1.112499999999958e+2
1.112999999999958e+2
1.113499999999958e+2
1.113999999999958e+2
1.114499999999958e+2
1.114999999999958e+2
1.115499999999958e+2
1.115999999999958e+2
1.116499999999958e+2
1.116999999999958e+2
1.117499999999958e+2
1.117999999999958e+2
1.118499999999958e+2
1.118999999999958e+2
1.119499999999958e+2
1.119999999999958e+2
1.120499999999957e+2
1.120999999999957e+2
1.121499999999957e+2
1.121999999999957e+2
1.122499999999957e+2
1.122999999999957e+2
1.123499999999957e+2
1.123999999999957e+2
1.124499999999957e+2
1.125000000000000e+2
