301
-7.500000000000000e+0
-7.450000000000000e+0
-7.400000000000000e+0
-7.350000000000000e+0
-7.300000000000000e+0
-7.250000000000000e+0
-7.200000000000000e+0
-7.150000000000000e+0
-7.100000000000000e+0
-7.050000000000000e+0
-7.000000000000000e+0
-6.950000000000000e+0
-6.900000000000000e+0
-6.850000000000000e+0
-6.800000000000000e+0
-6.750000000000000e+0
-6.700000000000000e+0
-6.650000000000000e+0
-6.600000000000000e+0
-6.550000000000000e+0
-6.500000000000000e+0
-6.450000000000000e+0
-6.400000000000000e+0
-6.350000000000000e+0
-6.300000000000000e+0
-6.250000000000000e+0
-6.200000000000000e+0
-6.150000000000000e+0
-6.100000000000000e+0
-6.050000000000000e+0
-6.000000000000000e+0
-5.950000000000000e+0
-5.900000000000000e+0
-5.850000000000000e+0
-5.800000000000000e+0
-5.750000000000000e+0
-5.700000000000000e+0
-5.650000000000000e+0
-5.600000000000000e+0
-5.550000000000000e+0
-5.500000000000000e+0
-5.450000000000000e+0
-5.400000000000000e+0
-5.350000000000000e+0
-5.300000000000000e+0
-5.250000000000000e+0
-5.200000000000000e+0
-5.150000000000000e+0
-5.100000000000000e+0
-5.050000000000000e+0
-5.000000000000000e+0
-4.949999999999999e+0
-4.900000000000000e+0
-4.850000000000000e+0
-4.800000000000001e+0
-4.750000000000000e+0
-4.699999999999999e+0
-4.650000000000000e+0
-4.600000000000000e+0
-4.550000000000001e+0
-4.500000000000000e+0
-4.449999999999999e+0
-4.400000000000000e+0
-4.350000000000000e+0
-4.300000000000000e+0
-4.250000000000000e+0
-4.200000000000000e+0
-4.150000000000000e+0
-4.100000000000000e+0
-4.050000000000000e+0
-4.000000000000000e+0
-3.950000000000000e+0
-3.900000000000000e+0
-3.850000000000000e+0
-3.800000000000000e+0
-3.750000000000000e+0
-3.700000000000000e+0
-3.650000000000000e+0
-3.600000000000000e+0
-3.550000000000000e+0
-3.500000000000000e+0
-3.449999999999999e+0
-3.400000000000000e+0
-3.350000000000000e+0
-3.300000000000000e+0
-3.250000000000000e+0
-3.200000000000000e+0
-3.150000000000000e+0
-3.100000000000000e+0
-3.050000000000000e+0
-3.000000000000000e+0
-2.950000000000000e+0
-2.900000000000000e+0
-2.850000000000000e+0
-2.800000000000000e+0
-2.750000000000000e+0
-2.700000000000000e+0
-2.650000000000000e+0
-2.600000000000000e+0
-2.550000000000000e+0
-2.500000000000000e+0
-2.450000000000000e+0
-2.399999999999999e+0
-2.350000000000001e+0
-2.300000000000000e+0
-2.250000000000000e+0
-2.200000000000000e+0
-2.149999999999999e+0
-2.100000000000001e+0
-2.050000000000000e+0
-2.000000000000000e+0
-1.950000000000000e+0
-1.899999999999999e+0
-1.850000000000001e+0
-1.800000000000000e+0
-1.750000000000000e+0
-1.700000000000000e+0
-1.649999999999999e+0
-1.600000000000001e+0
-1.550000000000000e+0
-1.500000000000000e+0
-1.450000000000000e+0
-1.399999999999999e+0
-1.350000000000001e+0
-1.300000000000000e+0
-1.250000000000000e+0
-1.200000000000000e+0
-1.150000000000000e+0
-1.100000000000000e+0
-1.050000000000000e+0
-1.000000000000000e+0
-9.500000000000002e-1
-9.000000000000004e-1
-8.499999999999996e-1
-7.999999999999998e-1
-7.500000000000000e-1
-7.000000000000002e-1
-6.500000000000004e-1
-5.999999999999996e-1
-5.499999999999998e-1
-5.000000000000000e-1
-4.500000000000002e-1
-4.000000000000004e-1
-3.499999999999996e-1
-3.000000000000007e-1
-2.500000000000000e-1
-1.999999999999993e-1
-1.500000000000004e-1
-9.999999999999964e-2
-5.000000000000071e-2
0.000000000000000e+0
4.999999999999982e-2
1.000000000000005e-1
1.500000000000004e-1
1.999999999999993e-1
2.500000000000009e-1
3.000000000000007e-1
3.499999999999996e-1
3.999999999999995e-1
4.500000000000002e-1
5.000000000000000e-1
5.499999999999989e-1
6.000000000000014e-1
6.500000000000004e-1
6.999999999999993e-1
7.500000000000000e-1
8.000000000000007e-1
8.499999999999996e-1
9.000000000000004e-1
9.500000000000011e-1
1.000000000000000e+0
1.049999999999999e+0
1.100000000000000e+0
1.150000000000000e+0
1.199999999999999e+0
1.250000000000000e+0
1.300000000000001e+0
1.350000000000000e+0
1.400000000000000e+0
1.449999999999999e+0
1.500000000000000e+0
1.550000000000001e+0
1.600000000000000e+0
1.650000000000000e+0
1.699999999999999e+0
1.750000000000000e+0
1.800000000000001e+0
1.850000000000000e+0
1.900000000000000e+0
1.949999999999999e+0
2.000000000000000e+0
2.050000000000001e+0
2.100000000000000e+0
2.150000000000000e+0
2.199999999999999e+0
2.250000000000000e+0
2.300000000000001e+0
2.350000000000000e+0
2.400000000000000e+0
2.449999999999999e+0
2.500000000000000e+0
2.550000000000001e+0
2.600000000000000e+0
2.650000000000000e+0
2.700000000000001e+0
2.750000000000000e+0
2.799999999999999e+0
2.850000000000000e+0
2.900000000000000e+0
2.949999999999999e+0
3.000000000000000e+0
3.050000000000001e+0
3.100000000000000e+0
3.149999999999999e+0
3.200000000000001e+0
3.250000000000000e+0
3.299999999999999e+0
3.350000000000001e+0
3.400000000000000e+0
3.449999999999999e+0
3.500000000000000e+0
3.550000000000001e+0
3.600000000000000e+0
3.649999999999999e+0
3.700000000000001e+0
3.750000000000000e+0
3.799999999999999e+0
3.850000000000001e+0
3.900000000000000e+0
3.949999999999999e+0
4.000000000000000e+0
4.050000000000001e+0
4.100000000000000e+0
4.149999999999999e+0
4.200000000000001e+0
4.250000000000000e+0
4.299999999999999e+0
4.350000000000001e+0
4.400000000000000e+0
4.449999999999999e+0
4.500000000000000e+0
4.550000000000001e+0
4.600000000000000e+0
4.650000000000000e+0
4.700000000000001e+0
4.750000000000000e+0
4.799999999999999e+0
4.850000000000000e+0
4.900000000000000e+0
4.949999999999999e+0
5.000000000000000e+0
5.050000000000001e+0
5.100000000000000e+0
5.150000000000000e+0
5.199999999999999e+0
5.250000000000000e+0
5.300000000000001e+0
5.350000000000000e+0
5.400000000000000e+0
5.449999999999999e+0
5.500000000000000e+0
5.550000000000001e+0
5.600000000000000e+0
5.650000000000000e+0
5.699999999999999e+0
5.750000000000000e+0
5.800000000000001e+0
5.850000000000000e+0
5.900000000000000e+0
5.949999999999999e+0
6.000000000000000e+0
6.050000000000001e+0
6.100000000000000e+0
6.150000000000000e+0
6.199999999999999e+0
6.250000000000000e+0
6.300000000000001e+0
6.350000000000000e+0
6.400000000000000e+0
6.450000000000001e+0
6.500000000000000e+0
6.549999999999999e+0
6.600000000000000e+0
6.650000000000000e+0
6.699999999999999e+0
6.750000000000000e+0
6.800000000000001e+0
6.850000000000000e+0
6.899999999999999e+0
6.950000000000001e+0
7.000000000000000e+0
7.049999999999999e+0
7.100000000000001e+0
7.150000000000000e+0
7.199999999999999e+0
7.250000000000000e+0
7.300000000000001e+0
7.350000000000000e+0
7.399999999999999e+0
7.450000000000001e+0
7.500000000000000e+0
