561
-5.000000000000000e+0
-4.799826561159393e+0
-4.609945320183908e+0
-4.429535064086569e+0
-4.257859368431218e+0
-4.094255919704662e+0
-3.938127411463855e+0
-3.788933750121577e+0
-3.646185355712386e+0
-3.509437382270558e+0
-3.378284713832334e+0
-3.252357617276327e+0
-3.131317953561519e+0
-3.014855865429591e+0
-2.902686873095480e+0
-2.794549320470740e+0
-2.690202123528783e+0
-2.589422779907990e+0
-2.492005605057056e+0
-2.397760165395007e+0
-2.306509883276173e+0
-2.218090792170655e+0
-2.132350423516525e+0
-2.049146809270659e+0
-1.968347586361742e+0
-1.889829191097420e+0
-1.813476133152096e+0
-1.739180340106625e+0
-1.666840564663029e+0
-1.596361847646375e+0
-1.527655030757539e+0
-1.460636313775392e+0
-1.395226851542740e+0
-1.331352386621516e+0
-1.268942913981776e+0
-1.207932374506200e+0
-1.148258374455866e+0
-1.089861928361445e+0
-1.032687223082907e+0
-9.766814010257328e-1
-9.217943607170040e-1
-8.679785731345397e-1
-8.151889123497318e-1
-7.633824991928622e-1
-7.125185567808474e-1
-6.625582768636784e-1
-6.134646960492605e-1
-5.652025810582595e-1
-5.177383222426233e-1
-4.710398346745102e-1
-4.250764661778037e-1
-3.798189117328583e-1
-3.352391337375673e-1
-2.913102876548903e-1
-2.480066526192184e-1
-2.053035666120246e-1
-1.631773658514426e-1
-1.216053280713139e-1
-8.056561939311635e-2
-4.003724451938506e-2
0.000000000000000e+0
4.000000000000000e-2
8.000000000000000e-2
1.200000000000000e-1
1.600000000000000e-1
2.000000000000000e-1
2.400000000000000e-1
2.800000000000000e-1
3.200000000000000e-1
3.600000000000000e-1
4.000000000000000e-1
4.399999999999999e-1
4.799999999999999e-1
5.199999999999999e-1
5.599999999999999e-1
6.000000000000000e-1
6.400000000000000e-1
6.800000000000000e-1
7.200000000000001e-1
7.600000000000001e-1
8.000000000000002e-1
8.400000000000002e-1
8.800000000000002e-1
9.200000000000003e-1
9.600000000000003e-1
1.000000000000000e+0
1.040000000000000e+0
1.080000000000000e+0
1.120000000000000e+0
1.160000000000000e+0
1.200000000000000e+0
1.240000000000000e+0
1.280000000000000e+0
1.320000000000001e+0
1.360000000000001e+0
1.400000000000001e+0
1.440000000000001e+0
1.480000000000001e+0
1.520000000000001e+0
1.560000000000001e+0
1.600000000000001e+0
1.640000000000001e+0
1.680000000000001e+0
1.720000000000001e+0
1.760000000000001e+0
1.800000000000001e+0
1.840000000000001e+0
1.880000000000001e+0
1.920000000000001e+0
1.960000000000001e+0
2.000000000000001e+0
2.040000000000001e+0
2.080000000000001e+0
2.120000000000001e+0
2.160000000000001e+0
2.200000000000001e+0
2.240000000000001e+0
2.280000000000001e+0
2.320000000000001e+0
2.360000000000001e+0
2.400000000000001e+0
2.440000000000001e+0
2.480000000000001e+0
2.520000000000001e+0
2.560000000000001e+0
2.600000000000001e+0
2.640000000000001e+0
2.680000000000001e+0
2.720000000000002e+0
2.760000000000002e+0
2.800000000000002e+0
2.840000000000002e+0
2.880000000000002e+0
2.920000000000002e+0
2.960000000000002e+0
3.000000000000002e+0
3.040000000000002e+0
3.080000000000002e+0
3.120000000000002e+0
3.160000000000002e+0
3.200000000000002e+0
3.240000000000002e+0
3.280000000000002e+0
3.320000000000002e+0
3.360000000000002e+0
3.400000000000002e+0
3.440000000000002e+0
3.480000000000002e+0
3.520000000000002e+0
3.560000000000002e+0
3.600000000000002e+0
3.640000000000002e+0
3.680000000000002e+0
3.720000000000002e+0
3.760000000000002e+0
3.800000000000002e+0
3.840000000000003e+0
3.880000000000003e+0
3.920000000000003e+0
3.960000000000003e+0
4.000000000000003e+0
4.040000000000003e+0
4.080000000000003e+0
4.120000000000003e+0
4.160000000000003e+0
4.200000000000003e+0
4.240000000000003e+0
4.280000000000003e+0
4.320000000000003e+0
4.360000000000003e+0
4.400000000000003e+0
4.440000000000003e+0
4.480000000000003e+0
4.520000000000003e+0
4.560000000000003e+0
4.600000000000003e+0
4.640000000000003e+0
4.680000000000003e+0
4.720000000000003e+0
4.760000000000003e+0
4.800000000000003e+0
4.840000000000003e+0
4.880000000000003e+0
4.920000000000003e+0
4.960000000000004e+0
5.000000000000004e+0
5.040000000000004e+0
5.080000000000004e+0
5.120000000000004e+0
5.160000000000004e+0
5.200000000000004e+0
5.240000000000004e+0
5.280000000000004e+0
5.320000000000004e+0
5.360000000000004e+0
5.400000000000004e+0
5.440000000000004e+0
5.480000000000004e+0
5.520000000000004e+0
5.560000000000004e+0
5.600000000000004e+0
5.640000000000004e+0
5.680000000000004e+0
5.720000000000004e+0
5.760000000000004e+0
5.800000000000004e+0
5.840000000000004e+0
5.880000000000004e+0
5.920000000000004e+0
5.960000000000004e+0
6.000000000000004e+0
6.040000000000004e+0
6.080000000000005e+0
6.120000000000005e+0
6.160000000000005e+0
6.200000000000005e+0
6.240000000000005e+0
6.280000000000005e+0
6.320000000000005e+0
6.360000000000005e+0
6.400000000000005e+0
6.440000000000005e+0
6.480000000000005e+0
6.520000000000005e+0
6.560000000000005e+0
6.600000000000005e+0
6.640000000000005e+0
6.680000000000005e+0
6.720000000000005e+0
6.760000000000005e+0
6.800000000000005e+0
6.840000000000005e+0
6.880000000000005e+0
6.920000000000005e+0
6.960000000000005e+0
7.000000000000005e+0
7.040000000000005e+0
7.080000000000005e+0
7.120000000000005e+0
7.160000000000005e+0
7.200000000000006e+0
7.240000000000006e+0
7.280000000000006e+0
7.320000000000006e+0
7.360000000000006e+0
7.400000000000006e+0
7.440000000000006e+0
7.480000000000006e+0
7.520000000000006e+0
7.560000000000006e+0
7.600000000000006e+0
7.640000000000006e+0
7.680000000000006e+0
7.720000000000006e+0
7.760000000000006e+0
7.800000000000006e+0
7.840000000000006e+0
7.880000000000006e+0
7.920000000000006e+0
7.960000000000006e+0
8.000000000000005e+0
8.040000000000004e+0
8.080000000000004e+0
8.120000000000003e+0
8.160000000000002e+0
8.200000000000001e+0
8.240000000000000e+0
8.279999999999999e+0
8.319999999999999e+0
8.359999999999998e+0
8.399999999999997e+0
8.439999999999996e+0
8.479999999999995e+0
8.519999999999994e+0
8.559999999999993e+0
8.599999999999993e+0
8.639999999999992e+0
8.679999999999991e+0
8.719999999999990e+0
8.759999999999989e+0
8.799999999999988e+0
8.839999999999987e+0
8.879999999999987e+0
8.919999999999986e+0
8.959999999999985e+0
8.999999999999984e+0
9.039999999999983e+0
9.079999999999982e+0
9.119999999999981e+0
9.159999999999981e+0
9.199999999999980e+0
9.239999999999979e+0
9.279999999999978e+0
9.319999999999977e+0
9.359999999999976e+0
9.399999999999975e+0
9.439999999999975e+0
9.479999999999974e+0
9.519999999999973e+0
9.559999999999972e+0
9.599999999999971e+0
9.639999999999970e+0
9.679999999999970e+0
9.719999999999969e+0
9.759999999999968e+0
9.799999999999967e+0
9.839999999999966e+0
9.879999999999965e+0
9.919999999999964e+0
9.959999999999964e+0
9.999999999999963e+0
1.003999999999996e+1
1.007999999999996e+1
1.011999999999996e+1
1.015999999999996e+1
1.019999999999996e+1
1.023999999999996e+1
1.027999999999996e+1
1.031999999999996e+1
1.035999999999996e+1
1.039999999999995e+1
1.043999999999995e+1
1.047999999999995e+1
1.051999999999995e+1
1.055999999999995e+1
1.059999999999995e+1
1.063999999999995e+1
1.067999999999995e+1
1.071999999999995e+1
1.075999999999995e+1
1.079999999999995e+1
1.083999999999994e+1
1.087999999999994e+1
1.091999999999994e+1
1.095999999999994e+1
1.099999999999994e+1
1.103999999999994e+1
1.107999999999994e+1
1.111999999999994e+1
1.115999999999994e+1
1.119999999999994e+1
1.123999999999994e+1
1.127999999999994e+1
1.131999999999993e+1
1.135999999999993e+1
1.139999999999993e+1
1.143999999999993e+1
1.147999999999993e+1
1.151999999999993e+1
1.155999999999993e+1
1.159999999999993e+1
1.163999999999993e+1
1.167999999999993e+1
1.171999999999993e+1
1.175999999999993e+1
1.179999999999992e+1
1.183999999999992e+1
1.187999999999992e+1
1.191999999999992e+1
1.195999999999992e+1
1.199999999999992e+1
1.203999999999992e+1
1.207999999999992e+1
1.211999999999992e+1
1.215999999999992e+1
1.219999999999992e+1
1.223999999999991e+1
1.227999999999991e+1
1.231999999999991e+1
1.235999999999991e+1
1.239999999999991e+1
1.243999999999991e+1
1.247999999999991e+1
1.251999999999991e+1
1.255999999999991e+1
1.259999999999991e+1
1.263999999999991e+1
1.267999999999991e+1
1.271999999999990e+1
1.275999999999990e+1
1.279999999999990e+1
1.283999999999990e+1
1.287999999999990e+1
1.291999999999990e+1
1.295999999999990e+1
1.299999999999990e+1
1.303999999999990e+1
1.307999999999990e+1
1.311999999999990e+1
1.315999999999990e+1
1.319999999999989e+1
1.323999999999989e+1
1.327999999999989e+1
1.331999999999989e+1
1.335999999999989e+1
1.339999999999989e+1
1.343999999999989e+1
1.347999999999989e+1
1.351999999999989e+1
1.355999999999989e+1
1.359999999999989e+1
1.363999999999989e+1
1.367999999999988e+1
1.371999999999988e+1
1.375999999999988e+1
1.379999999999988e+1
1.383999999999988e+1
1.387999999999988e+1
1.391999999999988e+1
1.395999999999988e+1
1.399999999999988e+1
1.403999999999988e+1
1.407999999999988e+1
1.411999999999987e+1
1.415999999999987e+1
1.419999999999987e+1
1.423999999999987e+1
1.427999999999987e+1
1.431999999999987e+1
1.435999999999987e+1
1.439999999999987e+1
1.443999999999987e+1
1.447999999999987e+1
1.451999999999987e+1
1.455999999999987e+1
1.459999999999986e+1
1.463999999999986e+1
1.467999999999986e+1
1.471999999999986e+1
1.475999999999986e+1
1.479999999999986e+1
1.483999999999986e+1
1.487999999999986e+1
1.491999999999986e+1
1.495999999999986e+1
1.499999999999986e+1
1.503999999999986e+1
1.507999999999985e+1
1.511999999999985e+1
1.515999999999985e+1
1.519999999999985e+1
1.523999999999985e+1
1.527999999999985e+1
1.531999999999985e+1
1.535999999999985e+1
1.539999999999985e+1
1.543999999999985e+1
1.547999999999985e+1
1.551999999999985e+1
1.555999999999984e+1
1.559999999999984e+1
1.563999999999984e+1
1.567999999999984e+1
1.571999999999984e+1
1.575999999999984e+1
1.579999999999984e+1
1.583999999999984e+1
1.587999999999984e+1
1.591999999999984e+1
1.595999999999984e+1
1.599999999999983e+1
1.603999999999984e+1
1.607999999999983e+1
1.611999999999983e+1
1.615999999999983e+1
1.619999999999983e+1
1.623999999999983e+1
1.627999999999983e+1
1.631999999999983e+1
1.635999999999983e+1
1.639999999999983e+1
1.643999999999983e+1
1.647999999999983e+1
1.651999999999983e+1
1.655999999999982e+1
1.659999999999982e+1
1.663999999999982e+1
1.667999999999982e+1
1.671999999999982e+1
1.675999999999982e+1
1.679999999999982e+1
1.683999999999982e+1
1.687999999999982e+1
1.691999999999982e+1
1.695999999999982e+1
1.699999999999982e+1
1.703999999999981e+1
1.707999999999981e+1
1.711999999999981e+1
1.715999999999981e+1
1.719999999999981e+1
1.723999999999981e+1
1.727999999999981e+1
1.731999999999981e+1
1.735999999999981e+1
1.739999999999981e+1
1.743999999999981e+1
1.747999999999981e+1
1.751999999999980e+1
1.755999999999980e+1
1.759999999999980e+1
1.763999999999980e+1
1.767999999999980e+1
1.771999999999980e+1
1.775999999999980e+1
1.779999999999980e+1
1.783999999999980e+1
1.787999999999980e+1
1.791999999999980e+1
1.795999999999979e+1
1.799999999999979e+1
1.803999999999979e+1
1.807999999999979e+1
1.811999999999979e+1
1.815999999999979e+1
1.819999999999979e+1
1.823999999999979e+1
1.827999999999979e+1
1.831999999999979e+1
1.835999999999979e+1
1.839999999999979e+1
1.843999999999978e+1
1.847999999999978e+1
1.851999999999978e+1
1.855999999999978e+1
1.859999999999978e+1
1.863999999999978e+1
1.867999999999978e+1
1.871999999999978e+1
1.875999999999978e+1
1.879999999999978e+1
1.883999999999978e+1
1.887999999999978e+1
1.891999999999977e+1
1.895999999999977e+1
1.899999999999977e+1
1.903999999999977e+1
1.907999999999977e+1
1.911999999999977e+1
1.915999999999977e+1
1.919999999999977e+1
1.923999999999977e+1
1.927999999999977e+1
1.931999999999977e+1
1.935999999999976e+1
1.939999999999976e+1
1.943999999999976e+1
1.947999999999976e+1
1.951999999999976e+1
1.955999999999976e+1
1.959999999999976e+1
1.963999999999976e+1
1.967999999999976e+1
1.971999999999976e+1
1.975999999999976e+1
1.979999999999976e+1
1.983999999999975e+1
1.987999999999975e+1
1.991999999999975e+1
1.995999999999975e+1
2.000000000000000e+1
