141
-3.600000000000000e+0
-3.399937690412270e+0
-3.233680079311577e+0
-3.092737313080429e+0
-2.971224640138456e+0
-2.864932353788618e+0
-2.770767466594314e+0
-2.686404580144421e+0
-2.610059855906978e+0
-2.540340234849630e+0
-2.476140190215475e+0
-2.416569377366511e+0
-2.360900877798416e+0
-2.308533477685685e+0
-2.258963700147158e+0
-2.211764734680977e+0
-2.166570318511156e+0
-2.123062220028613e+0
-2.080960370906489e+0
-2.040014961722566e+0
-2.000000000000000e+0
-1.960000000000000e+0
-1.920000000000000e+0
-1.880000000000000e+0
-1.840000000000000e+0
-1.800000000000000e+0
-1.760000000000000e+0
-1.720000000000000e+0
-1.680000000000000e+0
-1.640000000000000e+0
-1.600000000000000e+0
-1.560000000000000e+0
-1.520000000000000e+0
-1.480000000000000e+0
-1.440000000000000e+0
-1.399999999999999e+0
-1.359999999999999e+0
-1.319999999999999e+0
-1.279999999999999e+0
-1.239999999999999e+0
-1.199999999999999e+0
-1.159999999999999e+0
-1.119999999999999e+0
-1.079999999999999e+0
-1.039999999999999e+0
-9.999999999999991e-1
-9.599999999999991e-1
-9.199999999999990e-1
-8.799999999999990e-1
-8.399999999999990e-1
-7.999999999999989e-1
-7.599999999999989e-1
-7.199999999999989e-1
-6.799999999999988e-1
-6.399999999999988e-1
-5.999999999999988e-1
-5.599999999999987e-1
-5.199999999999987e-1
-4.799999999999987e-1
-4.399999999999987e-1
-3.999999999999987e-1
-3.599999999999988e-1
-3.199999999999988e-1
-2.799999999999988e-1
-2.399999999999988e-1
-1.999999999999988e-1
-1.599999999999988e-1
-1.199999999999988e-1
-7.999999999999877e-2
-3.999999999999877e-2
1.235123114895487e-15
4.000000000000124e-2
8.000000000000124e-2
1.200000000000012e-1
1.600000000000013e-1
2.000000000000013e-1
2.400000000000013e-1
2.800000000000012e-1
3.200000000000012e-1
3.600000000000012e-1
4.000000000000012e-1
4.400000000000012e-1
4.800000000000011e-1
5.200000000000011e-1
5.600000000000012e-1
6.000000000000012e-1
6.400000000000012e-1
6.800000000000013e-1
7.200000000000013e-1
7.600000000000013e-1
8.000000000000014e-1
8.400000000000014e-1
8.800000000000014e-1
9.200000000000015e-1
9.600000000000015e-1
1.000000000000002e+0
1.040000000000002e+0
1.080000000000002e+0
1.120000000000002e+0
1.160000000000002e+0
1.200000000000002e+0
1.240000000000002e+0
1.280000000000002e+0
1.320000000000002e+0
1.360000000000002e+0
1.400000000000002e+0
1.440000000000002e+0
1.480000000000002e+0
1.520000000000002e+0
1.560000000000002e+0
1.600000000000002e+0
1.640000000000002e+0
1.680000000000002e+0
1.720000000000002e+0
1.760000000000002e+0
1.800000000000002e+0
1.840000000000002e+0
1.880000000000002e+0
1.920000000000002e+0
1.960000000000002e+0
2.000000000000000e+0
2.040014961722566e+0
2.080960370906489e+0
2.123062220028613e+0
2.166570318511155e+0
2.211764734680977e+0
2.258963700147158e+0
2.308533477685685e+0
2.360900877798416e+0
2.416569377366511e+0
2.476140190215475e+0
2.540340234849630e+0
2.610059855906977e+0
2.686404580144421e+0
2.770767466594314e+0
2.864932353788618e+0
2.971224640138456e+0
3.092737313080429e+0
3.233680079311577e+0
3.399937690412270e+0
3.600000000000000e+0