101
0.000000000000000e+0
4.000000000000000e-2
8.000000000000000e-2
1.200000000000000e-1
1.600000000000000e-1
2.000000000000000e-1
2.400000000000000e-1
2.800000000000000e-1
3.200000000000000e-1
3.600000000000000e-1
4.000000000000000e-1
4.400000000000000e-1
4.800000000000000e-1
5.200000000000000e-1
5.600000000000001e-1
6.000000000000000e-1
6.400000000000000e-1
6.800000000000000e-1
7.200000000000000e-1
7.600000000000000e-1
8.000000000000000e-1
8.400000000000000e-1
8.800000000000000e-1
9.200000000000000e-1
9.600000000000000e-1
1.000000000000000e+0
1.040000000000000e+0
1.080000000000000e+0
1.120000000000000e+0
1.160000000000000e+0
1.200000000000000e+0
1.240000000000000e+0
1.280000000000000e+0
1.320000000000000e+0
1.360000000000000e+0
1.400000000000000e+0
1.440000000000000e+0
1.480000000000000e+0
1.520000000000000e+0
1.560000000000000e+0
1.600000000000000e+0
1.640000000000000e+0
1.680000000000000e+0
1.720000000000000e+0
1.760000000000000e+0
1.800000000000000e+0
1.840000000000000e+0
1.880000000000000e+0
1.920000000000000e+0
1.960000000000000e+0
2.000000000000000e+0
2.040000000000000e+0
2.080000000000000e+0
2.120000000000000e+0
2.160000000000000e+0
2.200000000000000e+0
2.240000000000000e+0
2.280000000000000e+0
2.320000000000000e+0
2.360000000000000e+0
2.400000000000000e+0
2.440000000000000e+0
2.480000000000000e+0
2.520000000000000e+0
2.560000000000000e+0
2.600000000000000e+0
2.640000000000000e+0
2.680000000000000e+0
2.720000000000000e+0
2.760000000000000e+0
2.800000000000000e+0
2.840000000000000e+0
2.880000000000000e+0
2.920000000000000e+0
2.960000000000000e+0
3.000000000000000e+0
3.040000000000000e+0
3.080000000000000e+0
3.120000000000000e+0
3.160000000000000e+0
3.200000000000000e+0
3.240000000000000e+0
3.280000000000000e+0
3.320000000000000e+0
3.360000000000000e+0
3.400000000000000e+0
3.440000000000000e+0
3.480000000000000e+0
3.520000000000000e+0
3.560000000000000e+0
3.600000000000000e+0
3.640000000000000e+0
3.680000000000000e+0
3.720000000000000e+0
3.760000000000000e+0
3.800000000000000e+0
3.840000000000000e+0
3.880000000000000e+0
3.920000000000000e+0
3.960000000000000e+0
4.000000000000000e+0