676
-1.000000000000000e+1
-9.960000000000001e+0
-9.920000000000002e+0
-9.880000000000003e+0
-9.840000000000003e+0
-9.800000000000004e+0
-9.760000000000005e+0
-9.720000000000006e+0
-9.680000000000007e+0
-9.640000000000008e+0
-9.600000000000009e+0
-9.560000000000009e+0
-9.520000000000010e+0
-9.480000000000011e+0
-9.440000000000012e+0
-9.400000000000013e+0
-9.360000000000014e+0
-9.320000000000014e+0
-9.280000000000015e+0
-9.240000000000016e+0
-9.200000000000017e+0
-9.160000000000018e+0
-9.120000000000019e+0
-9.080000000000020e+0
-9.040000000000020e+0
-9.000000000000021e+0
-8.960000000000022e+0
-8.920000000000023e+0
-8.880000000000024e+0
-8.840000000000025e+0
-8.800000000000026e+0
-8.760000000000026e+0
-8.720000000000027e+0
-8.680000000000028e+0
-8.640000000000029e+0
-8.600000000000030e+0
-8.560000000000031e+0
-8.520000000000032e+0
-8.480000000000032e+0
-8.440000000000033e+0
-8.400000000000034e+0
-8.360000000000035e+0
-8.320000000000036e+0
-8.280000000000037e+0
-8.240000000000038e+0
-8.200000000000038e+0
-8.160000000000039e+0
-8.120000000000040e+0
-8.080000000000041e+0
-8.040000000000042e+0
-8.000000000000043e+0
-7.960000000000043e+0
-7.920000000000043e+0
-7.880000000000043e+0
-7.840000000000042e+0
-7.800000000000042e+0
-7.760000000000042e+0
-7.720000000000042e+0
-7.680000000000042e+0
-7.640000000000042e+0
-7.600000000000042e+0
-7.560000000000042e+0
-7.520000000000042e+0
-7.480000000000042e+0
-7.440000000000042e+0
-7.400000000000042e+0
-7.360000000000042e+0
-7.320000000000042e+0
-7.280000000000042e+0
-7.240000000000042e+0
-7.200000000000042e+0
-7.160000000000042e+0
-7.120000000000042e+0
-7.080000000000042e+0
-7.040000000000042e+0
-7.000000000000042e+0
-6.960000000000042e+0
-6.920000000000042e+0
-6.880000000000042e+0
-6.840000000000042e+0
-6.800000000000042e+0
-6.760000000000042e+0
-6.720000000000041e+0
-6.680000000000041e+0
-6.640000000000041e+0
-6.600000000000041e+0
-6.560000000000041e+0
-6.520000000000041e+0
-6.480000000000041e+0
-6.440000000000041e+0
-6.400000000000041e+0
-6.360000000000041e+0
-6.320000000000041e+0
-6.280000000000041e+0
-6.240000000000041e+0
-6.200000000000041e+0
-6.160000000000041e+0
-6.120000000000041e+0
-6.080000000000041e+0
-6.040000000000041e+0
-6.000000000000041e+0
-5.960000000000041e+0
-5.920000000000041e+0
-5.880000000000041e+0
-5.840000000000041e+0
-5.800000000000041e+0
-5.760000000000041e+0
-5.720000000000041e+0
-5.680000000000041e+0
-5.640000000000041e+0
-5.600000000000041e+0
-5.560000000000040e+0
-5.520000000000040e+0
-5.480000000000040e+0
-5.440000000000040e+0
-5.400000000000040e+0
-5.360000000000040e+0
-5.320000000000040e+0
-5.280000000000040e+0
-5.240000000000040e+0
-5.200000000000040e+0
-5.160000000000040e+0
-5.120000000000040e+0
-5.080000000000040e+0
-5.040000000000040e+0
-5.000000000000040e+0
-4.960000000000040e+0
-4.920000000000040e+0
-4.880000000000040e+0
-4.840000000000040e+0
-4.800000000000040e+0
-4.760000000000040e+0
-4.720000000000040e+0
-4.680000000000040e+0
-4.640000000000040e+0
-4.600000000000040e+0
-4.560000000000040e+0
-4.520000000000040e+0
-4.480000000000040e+0
-4.440000000000039e+0
-4.400000000000039e+0
-4.360000000000039e+0
-4.320000000000039e+0
-4.280000000000039e+0
-4.240000000000039e+0
-4.200000000000039e+0
-4.160000000000039e+0
-4.120000000000039e+0
-4.080000000000039e+0
-4.040000000000039e+0
-4.000000000000039e+0
-3.960000000000039e+0
-3.920000000000039e+0
-3.880000000000039e+0
-3.840000000000039e+0
-3.800000000000039e+0
-3.760000000000039e+0
-3.720000000000039e+0
-3.680000000000039e+0
-3.640000000000039e+0
-3.600000000000039e+0
-3.560000000000039e+0
-3.520000000000039e+0
-3.480000000000039e+0
-3.440000000000039e+0
-3.400000000000039e+0
-3.360000000000039e+0
-3.320000000000038e+0
-3.280000000000038e+0
-3.240000000000038e+0
-3.200000000000038e+0
-3.160000000000038e+0
-3.120000000000038e+0
-3.080000000000038e+0
-3.040000000000038e+0
-3.000000000000038e+0
-2.960000000000038e+0
-2.920000000000038e+0
-2.880000000000038e+0
-2.840000000000038e+0
-2.800000000000038e+0
-2.760000000000038e+0
-2.720000000000038e+0
-2.680000000000038e+0
-2.640000000000038e+0
-2.600000000000038e+0
-2.560000000000038e+0
-2.520000000000038e+0
-2.480000000000038e+0
-2.440000000000038e+0
-2.400000000000038e+0
-2.360000000000038e+0
-2.320000000000038e+0
-2.280000000000038e+0
-2.240000000000038e+0
-2.200000000000037e+0
-2.160000000000037e+0
-2.120000000000037e+0
-2.080000000000037e+0
-2.040000000000037e+0
-2.000000000000037e+0
-1.960000000000037e+0
-1.920000000000037e+0
-1.880000000000037e+0
-1.840000000000037e+0
-1.800000000000037e+0
-1.760000000000037e+0
-1.720000000000037e+0
-1.680000000000037e+0
-1.640000000000037e+0
-1.600000000000037e+0
-1.560000000000037e+0
-1.520000000000037e+0
-1.480000000000037e+0
-1.440000000000037e+0
-1.400000000000037e+0
-1.360000000000037e+0
-1.320000000000037e+0
-1.280000000000037e+0
-1.240000000000037e+0
-1.200000000000037e+0
-1.160000000000037e+0
-1.120000000000037e+0
-1.080000000000036e+0
-1.040000000000036e+0
-1.000000000000036e+0
-9.600000000000364e-1
-9.200000000000363e-1
-8.800000000000363e-1
-8.400000000000363e-1
-8.000000000000362e-1
-7.600000000000362e-1
-7.200000000000362e-1
-6.800000000000361e-1
-6.400000000000361e-1
-6.000000000000361e-1
-5.600000000000360e-1
-5.200000000000360e-1
-4.800000000000360e-1
-4.400000000000360e-1
-4.000000000000360e-1
-3.600000000000361e-1
-3.200000000000361e-1
-2.800000000000361e-1
-2.400000000000361e-1
-2.000000000000361e-1
-1.600000000000361e-1
-1.200000000000361e-1
-8.000000000003607e-2
-4.000000000003607e-2
-3.606837051250977e-14
3.999999999996393e-2
7.999999999996393e-2
1.199999999999639e-1
1.599999999999639e-1
1.999999999999640e-1
2.399999999999640e-1
2.799999999999639e-1
3.199999999999639e-1
3.599999999999639e-1
3.999999999999639e-1
4.399999999999639e-1
4.799999999999638e-1
5.199999999999638e-1
5.599999999999639e-1
5.999999999999639e-1
6.399999999999639e-1
6.799999999999640e-1
7.199999999999640e-1
7.599999999999640e-1
7.999999999999641e-1
8.399999999999641e-1
8.799999999999641e-1
9.199999999999642e-1
9.599999999999642e-1
9.999999999999643e-1
1.039999999999964e+0
1.079999999999964e+0
1.119999999999964e+0
1.159999999999964e+0
1.199999999999964e+0
1.239999999999964e+0
1.279999999999964e+0
1.319999999999965e+0
1.359999999999965e+0
1.399999999999965e+0
1.439999999999965e+0
1.479999999999965e+0
1.519999999999965e+0
1.559999999999965e+0
1.599999999999965e+0
1.639999999999965e+0
1.679999999999965e+0
1.719999999999965e+0
1.759999999999965e+0
1.799999999999965e+0
1.839999999999965e+0
1.879999999999965e+0
1.919999999999965e+0
1.959999999999965e+0
1.999999999999965e+0
2.039999999999965e+0
2.079999999999965e+0
2.119999999999965e+0
2.159999999999965e+0
2.199999999999965e+0
2.239999999999965e+0
2.279999999999965e+0
2.319999999999965e+0
2.359999999999965e+0
2.399999999999965e+0
2.439999999999965e+0
2.479999999999965e+0
2.519999999999965e+0
2.559999999999965e+0
2.599999999999965e+0
2.639999999999965e+0
2.679999999999966e+0
2.719999999999966e+0
2.759999999999966e+0
2.799999999999966e+0
2.839999999999966e+0
2.879999999999966e+0
2.919999999999966e+0
2.959999999999966e+0
2.999999999999966e+0
3.039999999999966e+0
3.079999999999966e+0
3.119999999999966e+0
3.159999999999966e+0
3.199999999999966e+0
3.239999999999966e+0
3.279999999999966e+0
3.319999999999966e+0
3.359999999999966e+0
3.399999999999966e+0
3.439999999999966e+0
3.479999999999966e+0
3.519999999999966e+0
3.559999999999966e+0
3.599999999999966e+0
3.639999999999966e+0
3.679999999999966e+0
3.719999999999966e+0
3.759999999999966e+0
3.799999999999967e+0
3.839999999999967e+0
3.879999999999967e+0
3.919999999999967e+0
3.959999999999967e+0
3.999999999999967e+0
4.039999999999966e+0
4.079999999999966e+0
4.119999999999966e+0
4.159999999999966e+0
4.199999999999966e+0
4.239999999999966e+0
4.279999999999966e+0
4.319999999999967e+0
4.359999999999967e+0
4.399999999999967e+0
4.439999999999967e+0
4.479999999999967e+0
4.519999999999967e+0
4.559999999999967e+0
4.599999999999967e+0
4.639999999999967e+0
4.679999999999967e+0
4.719999999999967e+0
4.759999999999967e+0
4.799999999999967e+0
4.839999999999967e+0
4.879999999999967e+0
4.919999999999967e+0
4.959999999999967e+0
4.999999999999967e+0
5.039999999999967e+0
5.079999999999967e+0
5.119999999999967e+0
5.159999999999967e+0
5.199999999999967e+0
5.239999999999967e+0
5.279999999999967e+0
5.319999999999967e+0
5.359999999999967e+0
5.399999999999967e+0
5.439999999999968e+0
5.479999999999968e+0
5.519999999999968e+0
5.559999999999968e+0
5.599999999999968e+0
5.639999999999968e+0
5.679999999999968e+0
5.719999999999968e+0
5.759999999999968e+0
5.799999999999968e+0
5.839999999999968e+0
5.879999999999968e+0
5.919999999999968e+0
5.959999999999968e+0
5.999999999999968e+0
6.039999999999968e+0
6.079999999999968e+0
6.119999999999968e+0
6.159999999999968e+0
6.199999999999968e+0
6.239999999999968e+0
6.279999999999968e+0
6.319999999999968e+0
6.359999999999968e+0
6.399999999999968e+0
6.439999999999968e+0
6.479999999999968e+0
6.519999999999968e+0
6.559999999999969e+0
6.599999999999969e+0
6.639999999999969e+0
6.679999999999969e+0
6.719999999999969e+0
6.759999999999969e+0
6.799999999999969e+0
6.839999999999969e+0
6.879999999999969e+0
6.919999999999969e+0
6.959999999999969e+0
6.999999999999969e+0
7.039999999999969e+0
7.079999999999969e+0
7.119999999999969e+0
7.159999999999969e+0
7.199999999999969e+0
7.239999999999969e+0
7.279999999999969e+0
7.319999999999969e+0
7.359999999999969e+0
7.399999999999969e+0
7.439999999999969e+0
7.479999999999969e+0
7.519999999999969e+0
7.559999999999969e+0
7.599999999999969e+0
7.639999999999969e+0
7.679999999999970e+0
7.719999999999970e+0
7.759999999999970e+0
7.799999999999970e+0
7.839999999999970e+0
7.879999999999970e+0
7.919999999999970e+0
7.959999999999970e+0
7.999999999999970e+0
8.039999999999969e+0
8.079999999999968e+0
8.119999999999967e+0
8.159999999999966e+0
8.199999999999966e+0
8.239999999999965e+0
8.279999999999964e+0
8.319999999999963e+0
8.359999999999962e+0
8.399999999999961e+0
8.439999999999960e+0
8.479999999999960e+0
8.519999999999959e+0
8.559999999999958e+0
8.599999999999957e+0
8.639999999999956e+0
8.679999999999955e+0
8.719999999999954e+0
8.759999999999954e+0
8.799999999999953e+0
8.839999999999952e+0
8.879999999999951e+0
8.919999999999950e+0
8.959999999999949e+0
8.999999999999948e+0
9.039999999999948e+0
9.079999999999947e+0
9.119999999999946e+0
9.159999999999945e+0
9.199999999999944e+0
9.239999999999943e+0
9.279999999999943e+0
9.319999999999942e+0
9.359999999999941e+0
9.399999999999940e+0
9.439999999999939e+0
9.479999999999938e+0
9.519999999999937e+0
9.559999999999937e+0
9.599999999999936e+0
9.639999999999935e+0
9.679999999999934e+0
9.719999999999933e+0
9.759999999999932e+0
9.799999999999931e+0
9.839999999999931e+0
9.879999999999930e+0
9.919999999999929e+0
9.959999999999928e+0
9.999999999999927e+0
1.003999999999993e+1
1.007999999999993e+1
1.011999999999992e+1
1.015999999999992e+1
1.019999999999992e+1
1.023999999999992e+1
1.027999999999992e+1
1.031999999999992e+1
1.035999999999992e+1
1.039999999999992e+1
1.043999999999992e+1
1.047999999999992e+1
1.051999999999992e+1
1.055999999999992e+1
1.059999999999991e+1
1.063999999999991e+1
1.067999999999991e+1
1.071999999999991e+1
1.075999999999991e+1
1.079999999999991e+1
1.083999999999991e+1
1.087999999999991e+1
1.091999999999991e+1
1.095999999999991e+1
1.099999999999991e+1
1.103999999999991e+1
1.107999999999990e+1
1.111999999999990e+1
1.115999999999990e+1
1.119999999999990e+1
1.123999999999990e+1
1.127999999999990e+1
1.131999999999990e+1
1.135999999999990e+1
1.139999999999990e+1
1.143999999999990e+1
1.147999999999990e+1
1.151999999999989e+1
1.155999999999989e+1
1.159999999999989e+1
1.163999999999989e+1
1.167999999999989e+1
1.171999999999989e+1
1.175999999999989e+1
1.179999999999989e+1
1.183999999999989e+1
1.187999999999989e+1
1.191999999999989e+1
1.195999999999989e+1
1.199999999999988e+1
1.203999999999988e+1
1.207999999999988e+1
1.211999999999988e+1
1.215999999999988e+1
1.219999999999988e+1
1.223999999999988e+1
1.227999999999988e+1
1.231999999999988e+1
1.235999999999988e+1
1.239999999999988e+1
1.243999999999988e+1
1.247999999999987e+1
1.251999999999987e+1
1.255999999999987e+1
1.259999999999987e+1
1.263999999999987e+1
1.267999999999987e+1
1.271999999999987e+1
1.275999999999987e+1
1.279999999999987e+1
1.283999999999987e+1
1.287999999999987e+1
1.291999999999986e+1
1.295999999999986e+1
1.299999999999986e+1
1.303999999999986e+1
1.307999999999986e+1
1.311999999999986e+1
1.315999999999986e+1
1.319999999999986e+1
1.323999999999986e+1
1.327999999999986e+1
1.331999999999986e+1
1.335999999999986e+1
1.339999999999985e+1
1.343999999999985e+1
1.347999999999985e+1
1.351999999999985e+1
1.355999999999985e+1
1.359999999999985e+1
1.363999999999985e+1
1.367999999999985e+1
1.371999999999985e+1
1.375999999999985e+1
1.379999999999985e+1
1.383999999999985e+1
1.387999999999984e+1
1.391999999999984e+1
1.395999999999984e+1
1.399999999999984e+1
1.403999999999984e+1
1.407999999999984e+1
1.411999999999984e+1
1.415999999999984e+1
1.419999999999984e+1
1.423999999999984e+1
1.427999999999984e+1
1.431999999999984e+1
1.435999999999983e+1
1.439999999999983e+1
1.443999999999983e+1
1.447999999999983e+1
1.451999999999983e+1
1.455999999999983e+1
1.459999999999983e+1
1.463999999999983e+1
1.467999999999983e+1
1.471999999999983e+1
1.475999999999983e+1
1.479999999999982e+1
1.483999999999982e+1
1.487999999999982e+1
1.491999999999982e+1
1.495999999999982e+1
1.500000000000000e+1
1.503996466560630e+1
1.508089218988374e+1
1.512281961727757e+1
1.516578591277489e+1
1.520983208806803e+1
1.525500133779549e+1
1.530133918681194e+1
1.534889364954352e+1
1.539771540260115e+1
1.544785797195721e+1
1.549937793613921e+1
1.555233514706290e+1
1.560679297031728e+1
1.566281854693058e+1
1.572048307889128e+1
1.577986214097798e+1
1.584103602177035e+1
1.590409009707764e+1
1.596911523943795e+1
1.603620826781961e+1
1.610547244220594e+1
1.617701800837813e+1
1.625096279894246e+1
1.632743289749508e+1
1.640656337380027e+1
1.648849909900132e+1
1.657339565121619e+1
1.666142032342977e+1
1.675275324742267e+1
1.684758864962707e+1
1.694613625733663e+1
1.704862287669905e+1
1.715529416748250e+1
1.726641664385058e+1
1.738227993545199e+1
1.750319934921434e+1
1.762951877955565e+1
1.776161402358025e+1
1.789989656857085e+1
1.804481793218525e+1
1.819687465180176e+1
1.835661403918184e+1
1.852464084100085e+1
1.870162497609236e+1
1.888831055809496e+1
1.908552645973376e+1
1.929419873505378e+1
1.951536529233691e+1
1.975019330826299e+1
2.000000000000000e+1
