101
0.000000000000000e+0
3.454000000000000e-2
6.908000000000000e-2
1.036200000000000e-1
1.381600000000000e-1
1.727000000000000e-1
2.072400000000000e-1
2.417800000000000e-1
2.763200000000000e-1
3.108600000000000e-1
3.454000000000000e-1
3.799400000000000e-1
4.144800000000000e-1
4.490200000000000e-1
4.835600000000000e-1
5.181000000000000e-1
5.526400000000000e-1
5.871800000000000e-1
6.217200000000001e-1
6.562600000000001e-1
6.908000000000001e-1
7.253400000000000e-1
7.598800000000000e-1
7.944200000000001e-1
8.289600000000000e-1
8.635000000000000e-1
8.980400000000001e-1
9.325800000000001e-1
9.671200000000001e-1
1.001660000000000e+0
1.036200000000000e+0
1.070740000000000e+0
1.105280000000000e+0
1.139820000000000e+0
1.174360000000000e+0
1.208900000000000e+0
1.243440000000000e+0
1.277980000000000e+0
1.312520000000000e+0
1.347060000000000e+0
1.381600000000000e+0
1.416140000000000e+0
1.450680000000000e+0
1.485220000000000e+0
1.519760000000000e+0
1.554300000000000e+0
1.588840000000000e+0
1.623380000000000e+0
1.657920000000000e+0
1.692460000000000e+0
1.727000000000000e+0
1.761540000000000e+0
1.796080000000000e+0
1.830620000000000e+0
1.865160000000000e+0
1.899700000000000e+0
1.934240000000000e+0
1.968780000000000e+0
2.003320000000000e+0
2.037860000000000e+0
2.072400000000000e+0
2.106940000000000e+0
2.141480000000000e+0
2.176020000000000e+0
2.210560000000000e+0
2.245100000000000e+0
2.279640000000000e+0
2.314180000000000e+0
2.348720000000000e+0
2.383260000000000e+0
2.417800000000000e+0
2.452340000000000e+0
2.486880000000000e+0
2.521420000000000e+0
2.555960000000000e+0
2.590500000000000e+0
2.625040000000000e+0
2.659580000000000e+0
2.694120000000000e+0
2.728660000000000e+0
2.763200000000000e+0
2.797740000000000e+0
2.832280000000000e+0
2.866820000000000e+0
2.901360000000000e+0
2.935900000000000e+0
2.970440000000000e+0
3.004980000000000e+0
3.039520000000000e+0
3.074060000000000e+0
3.108600000000000e+0
3.143140000000000e+0
3.177680000000001e+0
3.212220000000000e+0
3.246760000000000e+0
3.281300000000000e+0
3.315840000000000e+0
3.350380000000000e+0
3.384920000000000e+0
3.419460000000000e+0
3.454000000000000e+0
