2701
-4.000000000000000e+0
-3.980000000000000e+0
-3.960000000000000e+0
-3.940000000000000e+0
-3.920000000000000e+0
-3.900000000000000e+0
-3.880000000000000e+0
-3.860000000000000e+0
-3.840000000000000e+0
-3.820000000000000e+0
-3.800000000000000e+0
-3.780000000000000e+0
-3.760000000000000e+0
-3.740000000000000e+0
-3.720000000000000e+0
-3.700000000000000e+0
-3.680000000000000e+0
-3.660000000000000e+0
-3.640000000000000e+0
-3.620000000000000e+0
-3.600000000000000e+0
-3.580000000000000e+0
-3.560000000000000e+0
-3.540000000000000e+0
-3.520000000000000e+0
-3.500000000000000e+0
-3.480000000000000e+0
-3.460000000000000e+0
-3.440000000000000e+0
-3.419999999999999e+0
-3.399999999999999e+0
-3.379999999999999e+0
-3.359999999999999e+0
-3.339999999999999e+0
-3.319999999999999e+0
-3.299999999999999e+0
-3.279999999999999e+0
-3.259999999999999e+0
-3.239999999999999e+0
-3.219999999999999e+0
-3.199999999999999e+0
-3.179999999999999e+0
-3.159999999999999e+0
-3.139999999999999e+0
-3.119999999999999e+0
-3.099999999999999e+0
-3.079999999999999e+0
-3.059999999999999e+0
-3.039999999999999e+0
-3.019999999999999e+0
-2.999999999999999e+0
-2.979999999999999e+0
-2.959999999999999e+0
-2.939999999999999e+0
-2.919999999999999e+0
-2.899999999999999e+0
-2.879999999999999e+0
-2.859999999999999e+0
-2.839999999999999e+0
-2.819999999999999e+0
-2.799999999999999e+0
-2.779999999999999e+0
-2.759999999999999e+0
-2.739999999999999e+0
-2.719999999999999e+0
-2.699999999999999e+0
-2.679999999999999e+0
-2.659999999999999e+0
-2.639999999999999e+0
-2.619999999999999e+0
-2.599999999999999e+0
-2.579999999999999e+0
-2.559999999999999e+0
-2.539999999999999e+0
-2.519999999999999e+0
-2.499999999999999e+0
-2.479999999999999e+0
-2.459999999999999e+0
-2.439999999999999e+0
-2.419999999999999e+0
-2.399999999999999e+0
-2.379999999999999e+0
-2.359999999999999e+0
-2.339999999999999e+0
-2.319999999999999e+0
-2.299999999999998e+0
-2.279999999999998e+0
-2.259999999999998e+0
-2.239999999999998e+0
-2.219999999999998e+0
-2.199999999999998e+0
-2.179999999999998e+0
-2.159999999999998e+0
-2.139999999999998e+0
-2.119999999999998e+0
-2.099999999999998e+0
-2.079999999999998e+0
-2.059999999999998e+0
-2.039999999999998e+0
-2.019999999999998e+0
-1.999999999999998e+0
-1.979999999999998e+0
-1.959999999999998e+0
-1.939999999999998e+0
-1.919999999999998e+0
-1.899999999999998e+0
-1.879999999999998e+0
-1.859999999999998e+0
-1.839999999999998e+0
-1.819999999999998e+0
-1.799999999999998e+0
-1.779999999999998e+0
-1.759999999999998e+0
-1.739999999999998e+0
-1.719999999999998e+0
-1.699999999999998e+0
-1.679999999999998e+0
-1.659999999999998e+0
-1.639999999999998e+0
-1.619999999999998e+0
-1.599999999999998e+0
-1.579999999999998e+0
-1.559999999999998e+0
-1.539999999999998e+0
-1.519999999999998e+0
-1.499999999999998e+0
-1.479999999999998e+0
-1.459999999999998e+0
-1.439999999999998e+0
-1.419999999999998e+0
-1.399999999999998e+0
-1.379999999999998e+0
-1.359999999999998e+0
-1.339999999999998e+0
-1.319999999999998e+0
-1.299999999999998e+0
-1.279999999999998e+0
-1.259999999999998e+0
-1.239999999999998e+0
-1.219999999999998e+0
-1.199999999999998e+0
-1.179999999999997e+0
-1.159999999999997e+0
-1.139999999999997e+0
-1.119999999999997e+0
-1.099999999999997e+0
-1.079999999999997e+0
-1.059999999999997e+0
-1.039999999999997e+0
-1.019999999999997e+0
-9.999999999999973e-1
-9.799999999999973e-1
-9.599999999999973e-1
-9.399999999999973e-1
-9.199999999999973e-1
-8.999999999999972e-1
-8.799999999999972e-1
-8.599999999999972e-1
-8.399999999999972e-1
-8.199999999999972e-1
-7.999999999999972e-1
-7.799999999999971e-1
-7.599999999999971e-1
-7.399999999999971e-1
-7.199999999999971e-1
-6.999999999999971e-1
-6.799999999999971e-1
-6.599999999999970e-1
-6.399999999999970e-1
-6.199999999999970e-1
-5.999999999999970e-1
-5.799999999999970e-1
-5.599999999999969e-1
-5.399999999999969e-1
-5.199999999999969e-1
-4.999999999999969e-1
-4.799999999999969e-1
-4.599999999999969e-1
-4.399999999999968e-1
-4.199999999999968e-1
-3.999999999999968e-1
-3.799999999999968e-1
-3.599999999999968e-1
-3.399999999999967e-1
-3.199999999999967e-1
-2.999999999999967e-1
-2.799999999999967e-1
-2.599999999999967e-1
-2.399999999999967e-1
-2.199999999999967e-1
-1.999999999999967e-1
-1.799999999999967e-1
-1.599999999999967e-1
-1.399999999999967e-1
-1.199999999999967e-1
-9.999999999999673e-2
-7.999999999999673e-2
-5.999999999999672e-2
-3.999999999999672e-2
-1.999999999999672e-2
3.282096816548119e-15
2.000000000000328e-2
4.000000000000328e-2
6.000000000000329e-2
8.000000000000329e-2
1.000000000000033e-1
1.200000000000033e-1
1.400000000000033e-1
1.600000000000033e-1
1.800000000000033e-1
2.000000000000033e-1
2.200000000000032e-1
2.400000000000032e-1
2.600000000000032e-1
2.800000000000032e-1
3.000000000000033e-1
3.200000000000033e-1
3.400000000000033e-1
3.600000000000033e-1
3.800000000000033e-1
4.000000000000034e-1
4.200000000000034e-1
4.400000000000034e-1
4.600000000000034e-1
4.800000000000034e-1
5.000000000000034e-1
5.200000000000035e-1
5.400000000000035e-1
5.600000000000035e-1
5.800000000000035e-1
6.000000000000035e-1
6.200000000000035e-1
6.400000000000036e-1
6.600000000000036e-1
6.800000000000036e-1
7.000000000000036e-1
7.200000000000036e-1
7.400000000000037e-1
7.600000000000037e-1
7.800000000000037e-1
8.000000000000037e-1
8.200000000000037e-1
8.400000000000037e-1
8.600000000000038e-1
8.800000000000038e-1
9.000000000000038e-1
9.200000000000038e-1
9.400000000000038e-1
9.600000000000039e-1
9.800000000000039e-1
1.000000000000004e+0
1.020000000000004e+0
1.040000000000004e+0
1.060000000000004e+0
1.080000000000004e+0
1.100000000000004e+0
1.120000000000004e+0
1.140000000000004e+0
1.160000000000004e+0
1.180000000000004e+0
1.200000000000004e+0
1.220000000000004e+0
1.240000000000004e+0
1.260000000000004e+0
1.280000000000004e+0
1.300000000000004e+0
1.320000000000004e+0
1.340000000000004e+0
1.360000000000004e+0
1.380000000000004e+0
1.400000000000004e+0
1.420000000000004e+0
1.440000000000004e+0
1.460000000000004e+0
1.480000000000004e+0
1.500000000000004e+0
1.520000000000004e+0
1.540000000000004e+0
1.560000000000004e+0
1.580000000000004e+0
1.600000000000004e+0
1.620000000000004e+0
1.640000000000004e+0
1.660000000000004e+0
1.680000000000004e+0
1.700000000000004e+0
1.720000000000004e+0
1.740000000000004e+0
1.760000000000004e+0
1.780000000000004e+0
1.800000000000004e+0
1.820000000000005e+0
1.840000000000005e+0
1.860000000000005e+0
1.880000000000005e+0
1.900000000000005e+0
1.920000000000005e+0
1.940000000000005e+0
1.960000000000005e+0
1.980000000000005e+0
2.000000000000004e+0
2.020000000000004e+0
2.040000000000004e+0
2.060000000000004e+0
2.080000000000005e+0
2.100000000000005e+0
2.120000000000005e+0
2.140000000000005e+0
2.160000000000005e+0
2.180000000000005e+0
2.200000000000005e+0
2.220000000000005e+0
2.240000000000005e+0
2.260000000000005e+0
2.280000000000005e+0
2.300000000000005e+0
2.320000000000005e+0
2.340000000000005e+0
2.360000000000005e+0
2.380000000000005e+0
2.400000000000005e+0
2.420000000000005e+0
2.440000000000005e+0
2.460000000000005e+0
2.480000000000005e+0
2.500000000000005e+0
2.520000000000005e+0
2.540000000000005e+0
2.560000000000005e+0
2.580000000000005e+0
2.600000000000005e+0
2.620000000000005e+0
2.640000000000005e+0
2.660000000000005e+0
2.680000000000005e+0
2.700000000000005e+0
2.720000000000005e+0
2.740000000000005e+0
2.760000000000005e+0
2.780000000000005e+0
2.800000000000005e+0
2.820000000000005e+0
2.840000000000005e+0
2.860000000000005e+0
2.880000000000005e+0
2.900000000000005e+0
2.920000000000005e+0
2.940000000000005e+0
2.960000000000005e+0
2.980000000000005e+0
3.000000000000005e+0
3.020000000000005e+0
3.040000000000005e+0
3.060000000000005e+0
3.080000000000005e+0
3.100000000000005e+0
3.120000000000005e+0
3.140000000000005e+0
3.160000000000005e+0
3.180000000000005e+0
3.200000000000006e+0
3.220000000000006e+0
3.240000000000006e+0
3.260000000000006e+0
3.280000000000006e+0
3.300000000000006e+0
3.320000000000006e+0
3.340000000000006e+0
3.360000000000006e+0
3.380000000000006e+0
3.400000000000006e+0
3.420000000000006e+0
3.440000000000006e+0
3.460000000000006e+0
3.480000000000006e+0
3.500000000000006e+0
3.520000000000006e+0
3.540000000000006e+0
3.560000000000006e+0
3.580000000000006e+0
3.600000000000006e+0
3.620000000000006e+0
3.640000000000006e+0
3.660000000000006e+0
3.680000000000006e+0
3.700000000000006e+0
3.720000000000006e+0
3.740000000000006e+0
3.760000000000006e+0
3.780000000000006e+0
3.800000000000006e+0
3.820000000000006e+0
3.840000000000006e+0
3.860000000000006e+0
3.880000000000006e+0
3.900000000000006e+0
3.920000000000006e+0
3.940000000000006e+0
3.960000000000006e+0
3.980000000000006e+0
4.000000000000006e+0
4.020000000000006e+0
4.040000000000005e+0
4.060000000000005e+0
4.080000000000005e+0
4.100000000000004e+0
4.120000000000004e+0
4.140000000000003e+0
4.160000000000003e+0
4.180000000000002e+0
4.200000000000002e+0
4.220000000000002e+0
4.240000000000001e+0
4.260000000000001e+0
4.280000000000000e+0
4.300000000000000e+0
4.319999999999999e+0
4.339999999999999e+0
4.359999999999999e+0
4.379999999999998e+0
4.399999999999998e+0
4.419999999999997e+0
4.439999999999997e+0
4.459999999999996e+0
4.479999999999996e+0
4.499999999999996e+0
4.519999999999995e+0
4.539999999999995e+0
4.559999999999994e+0
4.579999999999994e+0
4.599999999999993e+0
4.619999999999993e+0
4.639999999999993e+0
4.659999999999992e+0
4.679999999999992e+0
4.699999999999991e+0
4.719999999999991e+0
4.739999999999990e+0
4.759999999999990e+0
4.779999999999990e+0
4.799999999999989e+0
4.819999999999989e+0
4.839999999999988e+0
4.859999999999988e+0
4.879999999999987e+0
4.899999999999987e+0
4.919999999999987e+0
4.939999999999986e+0
4.959999999999986e+0
4.979999999999985e+0
4.999999999999985e+0
5.019999999999984e+0
5.039999999999984e+0
5.059999999999984e+0
5.079999999999983e+0
5.099999999999983e+0
5.119999999999982e+0
5.139999999999982e+0
5.159999999999981e+0
5.179999999999981e+0
5.199999999999981e+0
5.219999999999980e+0
5.239999999999980e+0
5.259999999999979e+0
5.279999999999979e+0
5.299999999999979e+0
5.319999999999978e+0
5.339999999999978e+0
5.359999999999977e+0
5.379999999999977e+0
5.399999999999976e+0
5.419999999999976e+0
5.439999999999976e+0
5.459999999999975e+0
5.479999999999975e+0
5.499999999999974e+0
5.519999999999974e+0
5.539999999999973e+0
5.559999999999973e+0
5.579999999999973e+0
5.599999999999972e+0
5.619999999999972e+0
5.639999999999971e+0
5.659999999999971e+0
5.679999999999970e+0
5.699999999999970e+0
5.719999999999970e+0
5.739999999999969e+0
5.759999999999969e+0
5.779999999999968e+0
5.799999999999968e+0
5.819999999999967e+0
5.839999999999967e+0
5.859999999999967e+0
5.879999999999966e+0
5.899999999999966e+0
5.919999999999965e+0
5.939999999999965e+0
5.959999999999964e+0
5.979999999999964e+0
5.999999999999964e+0
6.019999999999963e+0
6.039999999999963e+0
6.059999999999962e+0
6.079999999999962e+0
6.099999999999961e+0
6.119999999999961e+0
6.139999999999961e+0
6.159999999999960e+0
6.179999999999960e+0
6.199999999999959e+0
6.219999999999959e+0
6.239999999999958e+0
6.259999999999958e+0
6.279999999999958e+0
6.299999999999957e+0
6.319999999999957e+0
6.339999999999956e+0
6.359999999999956e+0
6.379999999999955e+0
6.399999999999955e+0
6.419999999999955e+0
6.439999999999954e+0
6.459999999999954e+0
6.479999999999953e+0
6.499999999999953e+0
6.519999999999953e+0
6.539999999999952e+0
6.559999999999952e+0
6.579999999999951e+0
6.599999999999951e+0
6.619999999999950e+0
6.639999999999950e+0
6.659999999999950e+0
6.679999999999949e+0
6.699999999999949e+0
6.719999999999948e+0
6.739999999999948e+0
6.759999999999947e+0
6.779999999999947e+0
6.799999999999947e+0
6.819999999999946e+0
6.839999999999946e+0
6.859999999999945e+0
6.879999999999945e+0
6.899999999999944e+0
6.919999999999944e+0
6.939999999999944e+0
6.959999999999943e+0
6.979999999999943e+0
6.999999999999942e+0
7.019999999999942e+0
7.039999999999941e+0
7.059999999999941e+0
7.079999999999941e+0
7.099999999999940e+0
7.119999999999940e+0
7.139999999999939e+0
7.159999999999939e+0
7.179999999999938e+0
7.199999999999938e+0
7.219999999999938e+0
7.239999999999937e+0
7.259999999999937e+0
7.279999999999936e+0
7.299999999999936e+0
7.319999999999935e+0
7.339999999999935e+0
7.359999999999935e+0
7.379999999999934e+0
7.399999999999934e+0
7.419999999999933e+0
7.439999999999933e+0
7.459999999999932e+0
7.479999999999932e+0
7.499999999999932e+0
7.519999999999931e+0
7.539999999999931e+0
7.559999999999930e+0
7.579999999999930e+0
7.599999999999929e+0
7.619999999999929e+0
7.639999999999929e+0
7.659999999999928e+0
7.679999999999928e+0
7.699999999999927e+0
7.719999999999927e+0
7.739999999999926e+0
7.759999999999926e+0
7.779999999999926e+0
7.799999999999925e+0
7.819999999999925e+0
7.839999999999924e+0
7.859999999999924e+0
7.879999999999924e+0
7.899999999999923e+0
7.919999999999923e+0
7.939999999999922e+0
7.959999999999922e+0
7.979999999999921e+0
7.999999999999921e+0
8.019999999999921e+0
8.039999999999921e+0
8.059999999999921e+0
8.079999999999920e+0
8.099999999999920e+0
8.119999999999919e+0
8.139999999999919e+0
8.159999999999918e+0
8.179999999999918e+0
8.199999999999918e+0
8.219999999999917e+0
8.239999999999917e+0
8.259999999999916e+0
8.279999999999916e+0
8.299999999999915e+0
8.319999999999915e+0
8.339999999999915e+0
8.359999999999914e+0
8.379999999999914e+0
8.399999999999913e+0
8.419999999999913e+0
8.439999999999912e+0
8.459999999999912e+0
8.479999999999912e+0
8.499999999999911e+0
8.519999999999911e+0
8.539999999999910e+0
8.559999999999910e+0
8.579999999999909e+0
8.599999999999909e+0
8.619999999999909e+0
8.639999999999908e+0
8.659999999999908e+0
8.679999999999907e+0
8.699999999999907e+0
8.719999999999906e+0
8.739999999999906e+0
8.759999999999906e+0
8.779999999999905e+0
8.799999999999905e+0
8.819999999999904e+0
8.839999999999904e+0
8.859999999999904e+0
8.879999999999903e+0
8.899999999999903e+0
8.919999999999902e+0
8.939999999999902e+0
8.959999999999901e+0
8.979999999999901e+0
8.999999999999901e+0
9.019999999999900e+0
9.039999999999900e+0
9.059999999999899e+0
9.079999999999899e+0
9.099999999999898e+0
9.119999999999898e+0
9.139999999999898e+0
9.159999999999897e+0
9.179999999999897e+0
9.199999999999896e+0
9.219999999999896e+0
9.239999999999895e+0
9.259999999999895e+0
9.279999999999895e+0
9.299999999999894e+0
9.319999999999894e+0
9.339999999999893e+0
9.359999999999893e+0
9.379999999999892e+0
9.399999999999892e+0
9.419999999999892e+0
9.439999999999891e+0
9.459999999999891e+0
9.479999999999890e+0
9.499999999999890e+0
9.519999999999889e+0
9.539999999999889e+0
9.559999999999889e+0
9.579999999999888e+0
9.599999999999888e+0
9.619999999999887e+0
9.639999999999887e+0
9.659999999999886e+0
9.679999999999886e+0
9.699999999999886e+0
9.719999999999885e+0
9.739999999999885e+0
9.759999999999884e+0
9.779999999999884e+0
9.799999999999883e+0
9.819999999999883e+0
9.839999999999883e+0
9.859999999999882e+0
9.879999999999882e+0
9.899999999999881e+0
9.919999999999881e+0
9.939999999999880e+0
9.959999999999880e+0
9.979999999999880e+0
9.999999999999879e+0
1.001999999999988e+1
1.003999999999988e+1
1.005999999999988e+1
1.007999999999988e+1
1.009999999999988e+1
1.011999999999988e+1
1.013999999999988e+1
1.015999999999988e+1
1.017999999999988e+1
1.019999999999987e+1
1.021999999999987e+1
1.023999999999987e+1
1.025999999999987e+1
1.027999999999987e+1
1.029999999999987e+1
1.031999999999987e+1
1.033999999999987e+1
1.035999999999987e+1
1.037999999999987e+1
1.039999999999987e+1
1.041999999999987e+1
1.043999999999987e+1
1.045999999999987e+1
1.047999999999987e+1
1.049999999999987e+1
1.051999999999987e+1
1.053999999999987e+1
1.055999999999987e+1
1.057999999999987e+1
1.059999999999987e+1
1.061999999999987e+1
1.063999999999987e+1
1.065999999999987e+1
1.067999999999986e+1
1.069999999999986e+1
1.071999999999986e+1
1.073999999999986e+1
1.075999999999986e+1
1.077999999999986e+1
1.079999999999986e+1
1.081999999999986e+1
1.083999999999986e+1
1.085999999999986e+1
1.087999999999986e+1
1.089999999999986e+1
1.091999999999986e+1
1.093999999999986e+1
1.095999999999986e+1
1.097999999999986e+1
1.099999999999986e+1
1.101999999999986e+1
1.103999999999986e+1
1.105999999999986e+1
1.107999999999986e+1
1.109999999999986e+1
1.111999999999986e+1
1.113999999999985e+1
1.115999999999985e+1
1.117999999999985e+1
1.119999999999985e+1
1.121999999999985e+1
1.123999999999985e+1
1.125999999999985e+1
1.127999999999985e+1
1.129999999999985e+1
1.131999999999985e+1
1.133999999999985e+1
1.135999999999985e+1
1.137999999999985e+1
1.139999999999985e+1
1.141999999999985e+1
1.143999999999985e+1
1.145999999999985e+1
1.147999999999985e+1
1.149999999999985e+1
1.151999999999985e+1
1.153999999999985e+1
1.155999999999985e+1
1.157999999999985e+1
1.159999999999985e+1
1.161999999999984e+1
1.163999999999984e+1
1.165999999999984e+1
1.167999999999984e+1
1.169999999999984e+1
1.171999999999984e+1
1.173999999999984e+1
1.175999999999984e+1
1.177999999999984e+1
1.179999999999984e+1
1.181999999999984e+1
1.183999999999984e+1
1.185999999999984e+1
1.187999999999984e+1
1.189999999999984e+1
1.191999999999984e+1
1.193999999999984e+1
1.195999999999984e+1
1.197999999999984e+1
1.199999999999984e+1
1.201999999999984e+1
1.203999999999984e+1
1.205999999999984e+1
1.207999999999983e+1
1.209999999999983e+1
1.211999999999983e+1
1.213999999999983e+1
1.215999999999983e+1
1.217999999999983e+1
1.219999999999983e+1
1.221999999999983e+1
1.223999999999983e+1
1.225999999999983e+1
1.227999999999983e+1
1.229999999999983e+1
1.231999999999983e+1
1.233999999999983e+1
1.235999999999983e+1
1.237999999999983e+1
1.239999999999983e+1
1.241999999999983e+1
1.243999999999983e+1
1.245999999999983e+1
1.247999999999983e+1
1.249999999999983e+1
1.251999999999983e+1
1.253999999999983e+1
1.255999999999982e+1
1.257999999999982e+1
1.259999999999982e+1
1.261999999999982e+1
1.263999999999982e+1
1.265999999999982e+1
1.267999999999982e+1
1.269999999999982e+1
1.271999999999982e+1
1.273999999999982e+1
1.275999999999982e+1
1.277999999999982e+1
1.279999999999982e+1
1.281999999999982e+1
1.283999999999982e+1
1.285999999999982e+1
1.287999999999982e+1
1.289999999999982e+1
1.291999999999982e+1
1.293999999999982e+1
1.295999999999982e+1
1.297999999999982e+1
1.299999999999982e+1
1.301999999999981e+1
1.303999999999981e+1
1.305999999999981e+1
1.307999999999981e+1
1.309999999999981e+1
1.311999999999981e+1
1.313999999999981e+1
1.315999999999981e+1
1.317999999999981e+1
1.319999999999981e+1
1.321999999999981e+1
1.323999999999981e+1
1.325999999999981e+1
1.327999999999981e+1
1.329999999999981e+1
1.331999999999981e+1
1.333999999999981e+1
1.335999999999981e+1
1.337999999999981e+1
1.339999999999981e+1
1.341999999999981e+1
1.343999999999981e+1
1.345999999999981e+1
1.347999999999981e+1
1.349999999999980e+1
1.351999999999980e+1
1.353999999999980e+1
1.355999999999980e+1
1.357999999999980e+1
1.359999999999980e+1
1.361999999999980e+1
1.363999999999980e+1
1.365999999999980e+1
1.367999999999980e+1
1.369999999999980e+1
1.371999999999980e+1
1.373999999999980e+1
1.375999999999980e+1
1.377999999999980e+1
1.379999999999980e+1
1.381999999999980e+1
1.383999999999980e+1
1.385999999999980e+1
1.387999999999980e+1
1.389999999999980e+1
1.391999999999980e+1
1.393999999999980e+1
1.395999999999979e+1
1.397999999999979e+1
1.399999999999979e+1
1.401999999999979e+1
1.403999999999979e+1
1.405999999999979e+1
1.407999999999979e+1
1.409999999999979e+1
1.411999999999979e+1
1.413999999999979e+1
1.415999999999979e+1
1.417999999999979e+1
1.419999999999979e+1
1.421999999999979e+1
1.423999999999979e+1
1.425999999999979e+1
1.427999999999979e+1
1.429999999999979e+1
1.431999999999979e+1
1.433999999999979e+1
1.435999999999979e+1
1.437999999999979e+1
1.439999999999979e+1
1.441999999999978e+1
1.443999999999978e+1
1.445999999999978e+1
1.447999999999978e+1
1.449999999999978e+1
1.451999999999978e+1
1.453999999999978e+1
1.455999999999978e+1
1.457999999999978e+1
1.459999999999978e+1
1.461999999999978e+1
1.463999999999978e+1
1.465999999999978e+1
1.467999999999978e+1
1.469999999999978e+1
1.471999999999978e+1
1.473999999999978e+1
1.475999999999978e+1
1.477999999999978e+1
1.479999999999978e+1
1.481999999999978e+1
1.483999999999978e+1
1.485999999999978e+1
1.487999999999978e+1
1.489999999999977e+1
1.491999999999977e+1
1.493999999999977e+1
1.495999999999977e+1
1.497999999999977e+1
1.499999999999977e+1
1.501999999999977e+1
1.503999999999977e+1
1.505999999999977e+1
1.507999999999977e+1
1.509999999999977e+1
1.511999999999977e+1
1.513999999999977e+1
1.515999999999977e+1
1.517999999999977e+1
1.519999999999977e+1
1.521999999999977e+1
1.523999999999977e+1
1.525999999999977e+1
1.527999999999977e+1
1.529999999999977e+1
1.531999999999977e+1
1.533999999999977e+1
1.535999999999976e+1
1.537999999999976e+1
1.539999999999976e+1
1.541999999999976e+1
1.543999999999976e+1
1.545999999999976e+1
1.547999999999976e+1
1.549999999999976e+1
1.551999999999976e+1
1.553999999999976e+1
1.555999999999976e+1
1.557999999999976e+1
1.559999999999976e+1
1.561999999999976e+1
1.563999999999976e+1
1.565999999999976e+1
1.567999999999976e+1
1.569999999999976e+1
1.571999999999976e+1
1.573999999999976e+1
1.575999999999976e+1
1.577999999999976e+1
1.579999999999976e+1
1.581999999999976e+1
1.583999999999975e+1
1.585999999999975e+1
1.587999999999975e+1
1.589999999999975e+1
1.591999999999975e+1
1.593999999999975e+1
1.595999999999975e+1
1.597999999999975e+1
1.599999999999975e+1
1.601999999999975e+1
1.603999999999975e+1
1.605999999999975e+1
1.607999999999975e+1
1.609999999999975e+1
1.611999999999975e+1
1.613999999999975e+1
1.615999999999975e+1
1.617999999999975e+1
1.619999999999975e+1
1.621999999999975e+1
1.623999999999975e+1
1.625999999999975e+1
1.627999999999975e+1
1.629999999999974e+1
1.631999999999974e+1
1.633999999999974e+1
1.635999999999974e+1
1.637999999999974e+1
1.639999999999974e+1
1.641999999999974e+1
1.643999999999974e+1
1.645999999999974e+1
1.647999999999974e+1
1.649999999999974e+1
1.651999999999974e+1
1.653999999999974e+1
1.655999999999974e+1
1.657999999999974e+1
1.659999999999974e+1
1.661999999999974e+1
1.663999999999974e+1
1.665999999999974e+1
1.667999999999974e+1
1.669999999999974e+1
1.671999999999974e+1
1.673999999999974e+1
1.675999999999974e+1
1.677999999999973e+1
1.679999999999973e+1
1.681999999999973e+1
1.683999999999973e+1
1.685999999999973e+1
1.687999999999973e+1
1.689999999999973e+1
1.691999999999973e+1
1.693999999999973e+1
1.695999999999973e+1
1.697999999999973e+1
1.699999999999973e+1
1.701999999999973e+1
1.703999999999973e+1
1.705999999999973e+1
1.707999999999973e+1
1.709999999999973e+1
1.711999999999973e+1
1.713999999999973e+1
1.715999999999973e+1
1.717999999999973e+1
1.719999999999973e+1
1.721999999999973e+1
1.723999999999972e+1
1.725999999999972e+1
1.727999999999972e+1
1.729999999999972e+1
1.731999999999972e+1
1.733999999999972e+1
1.735999999999972e+1
1.737999999999972e+1
1.739999999999972e+1
1.741999999999972e+1
1.743999999999972e+1
1.745999999999972e+1
1.747999999999972e+1
1.749999999999972e+1
1.751999999999972e+1
1.753999999999972e+1
1.755999999999972e+1
1.757999999999972e+1
1.759999999999972e+1
1.761999999999972e+1
1.763999999999972e+1
1.765999999999972e+1
1.767999999999972e+1
1.769999999999972e+1
1.771999999999971e+1
1.773999999999971e+1
1.775999999999971e+1
1.777999999999971e+1
1.779999999999971e+1
1.781999999999971e+1
1.783999999999971e+1
1.785999999999971e+1
1.787999999999971e+1
1.789999999999971e+1
1.791999999999971e+1
1.793999999999971e+1
1.795999999999971e+1
1.797999999999971e+1
1.799999999999971e+1
1.801999999999971e+1
1.803999999999971e+1
1.805999999999971e+1
1.807999999999971e+1
1.809999999999971e+1
1.811999999999971e+1
1.813999999999971e+1
1.815999999999971e+1
1.817999999999970e+1
1.819999999999970e+1
1.821999999999970e+1
1.823999999999970e+1
1.825999999999970e+1
1.827999999999970e+1
1.829999999999970e+1
1.831999999999970e+1
1.833999999999970e+1
1.835999999999970e+1
1.837999999999970e+1
1.839999999999970e+1
1.841999999999970e+1
1.843999999999970e+1
1.845999999999970e+1
1.847999999999970e+1
1.849999999999970e+1
1.851999999999970e+1
1.853999999999970e+1
1.855999999999970e+1
1.857999999999970e+1
1.859999999999970e+1
1.861999999999970e+1
1.863999999999970e+1
1.865999999999969e+1
1.867999999999969e+1
1.869999999999969e+1
1.871999999999969e+1
1.873999999999969e+1
1.875999999999969e+1
1.877999999999969e+1
1.879999999999969e+1
1.881999999999969e+1
1.883999999999969e+1
1.885999999999969e+1
1.887999999999969e+1
1.889999999999969e+1
1.891999999999969e+1
1.893999999999969e+1
1.895999999999969e+1
1.897999999999969e+1
1.899999999999969e+1
1.901999999999969e+1
1.903999999999969e+1
1.905999999999969e+1
1.907999999999969e+1
1.909999999999969e+1
1.911999999999968e+1
1.913999999999968e+1
1.915999999999968e+1
1.917999999999968e+1
1.919999999999968e+1
1.921999999999968e+1
1.923999999999968e+1
1.925999999999968e+1
1.927999999999968e+1
1.929999999999968e+1
1.931999999999968e+1
1.933999999999968e+1
1.935999999999968e+1
1.937999999999968e+1
1.939999999999968e+1
1.941999999999968e+1
1.943999999999968e+1
1.945999999999968e+1
1.947999999999968e+1
1.949999999999968e+1
1.951999999999968e+1
1.953999999999968e+1
1.955999999999968e+1
1.957999999999967e+1
1.959999999999967e+1
1.961999999999967e+1
1.963999999999967e+1
1.965999999999967e+1
1.967999999999967e+1
1.969999999999967e+1
1.971999999999967e+1
1.973999999999967e+1
1.975999999999967e+1
1.977999999999967e+1
1.979999999999967e+1
1.981999999999967e+1
1.983999999999967e+1
1.985999999999967e+1
1.987999999999967e+1
1.989999999999967e+1
1.991999999999967e+1
1.993999999999967e+1
1.995999999999967e+1
1.997999999999967e+1
1.999999999999967e+1
2.001999999999967e+1
2.003999999999967e+1
2.005999999999966e+1
2.007999999999966e+1
2.009999999999966e+1
2.011999999999966e+1
2.013999999999966e+1
2.015999999999966e+1
2.017999999999966e+1
2.019999999999966e+1
2.021999999999966e+1
2.023999999999966e+1
2.025999999999966e+1
2.027999999999966e+1
2.029999999999966e+1
2.031999999999966e+1
2.033999999999966e+1
2.035999999999966e+1
2.037999999999966e+1
2.039999999999966e+1
2.041999999999966e+1
2.043999999999966e+1
2.045999999999966e+1
2.047999999999966e+1
2.049999999999966e+1
2.051999999999965e+1
2.053999999999965e+1
2.055999999999965e+1
2.057999999999965e+1
2.059999999999965e+1
2.061999999999965e+1
2.063999999999965e+1
2.065999999999965e+1
2.067999999999965e+1
2.069999999999965e+1
2.071999999999965e+1
2.073999999999965e+1
2.075999999999965e+1
2.077999999999965e+1
2.079999999999965e+1
2.081999999999965e+1
2.083999999999965e+1
2.085999999999965e+1
2.087999999999965e+1
2.089999999999965e+1
2.091999999999965e+1
2.093999999999965e+1
2.095999999999965e+1
2.097999999999965e+1
2.099999999999964e+1
2.101999999999964e+1
2.103999999999964e+1
2.105999999999964e+1
2.107999999999964e+1
2.109999999999964e+1
2.111999999999964e+1
2.113999999999964e+1
2.115999999999964e+1
2.117999999999964e+1
2.119999999999964e+1
2.121999999999964e+1
2.123999999999964e+1
2.125999999999964e+1
2.127999999999964e+1
2.129999999999964e+1
2.131999999999964e+1
2.133999999999964e+1
2.135999999999964e+1
2.137999999999964e+1
2.139999999999964e+1
2.141999999999964e+1
2.143999999999964e+1
2.145999999999963e+1
2.147999999999963e+1
2.149999999999963e+1
2.151999999999963e+1
2.153999999999963e+1
2.155999999999963e+1
2.157999999999963e+1
2.159999999999963e+1
2.161999999999963e+1
2.163999999999963e+1
2.165999999999963e+1
2.167999999999963e+1
2.169999999999963e+1
2.171999999999963e+1
2.173999999999963e+1
2.175999999999963e+1
2.177999999999963e+1
2.179999999999963e+1
2.181999999999963e+1
2.183999999999963e+1
2.185999999999963e+1
2.187999999999963e+1
2.189999999999963e+1
2.191999999999963e+1
2.193999999999962e+1
2.195999999999962e+1
2.197999999999962e+1
2.199999999999962e+1
2.201999999999962e+1
2.203999999999962e+1
2.205999999999962e+1
2.207999999999962e+1
2.209999999999962e+1
2.211999999999962e+1
2.213999999999962e+1
2.215999999999962e+1
2.217999999999962e+1
2.219999999999962e+1
2.221999999999962e+1
2.223999999999962e+1
2.225999999999962e+1
2.227999999999962e+1
2.229999999999962e+1
2.231999999999962e+1
2.233999999999962e+1
2.235999999999962e+1
2.237999999999962e+1
2.239999999999961e+1
2.241999999999961e+1
2.243999999999961e+1
2.245999999999961e+1
2.247999999999961e+1
2.249999999999961e+1
2.251999999999961e+1
2.253999999999961e+1
2.255999999999961e+1
2.257999999999961e+1
2.259999999999961e+1
2.261999999999961e+1
2.263999999999961e+1
2.265999999999961e+1
2.267999999999961e+1
2.269999999999961e+1
2.271999999999961e+1
2.273999999999961e+1
2.275999999999961e+1
2.277999999999961e+1
2.279999999999961e+1
2.281999999999961e+1
2.283999999999961e+1
2.285999999999961e+1
2.287999999999960e+1
2.289999999999960e+1
2.291999999999960e+1
2.293999999999960e+1
2.295999999999960e+1
2.297999999999960e+1
2.299999999999960e+1
2.301999999999960e+1
2.303999999999960e+1
2.305999999999960e+1
2.307999999999960e+1
2.309999999999960e+1
2.311999999999960e+1
2.313999999999960e+1
2.315999999999960e+1
2.317999999999960e+1
2.319999999999960e+1
2.321999999999960e+1
2.323999999999960e+1
2.325999999999960e+1
2.327999999999960e+1
2.329999999999960e+1
2.331999999999960e+1
2.333999999999959e+1
2.335999999999959e+1
2.337999999999959e+1
2.339999999999959e+1
2.341999999999959e+1
2.343999999999959e+1
2.345999999999959e+1
2.347999999999959e+1
2.349999999999959e+1
2.351999999999959e+1
2.353999999999959e+1
2.355999999999959e+1
2.357999999999959e+1
2.359999999999959e+1
2.361999999999959e+1
2.363999999999959e+1
2.365999999999959e+1
2.367999999999959e+1
2.369999999999959e+1
2.371999999999959e+1
2.373999999999959e+1
2.375999999999959e+1
2.377999999999959e+1
2.379999999999959e+1
2.381999999999958e+1
2.383999999999958e+1
2.385999999999958e+1
2.387999999999958e+1
2.389999999999958e+1
2.391999999999958e+1
2.393999999999958e+1
2.395999999999958e+1
2.397999999999958e+1
2.399999999999958e+1
2.401999999999958e+1
2.403999999999958e+1
2.405999999999958e+1
2.407999999999958e+1
2.409999999999958e+1
2.411999999999958e+1
2.413999999999958e+1
2.415999999999958e+1
2.417999999999958e+1
2.419999999999958e+1
2.421999999999958e+1
2.423999999999958e+1
2.425999999999958e+1
2.427999999999957e+1
2.429999999999957e+1
2.431999999999957e+1
2.433999999999957e+1
2.435999999999957e+1
2.437999999999957e+1
2.439999999999957e+1
2.441999999999957e+1
2.443999999999957e+1
2.445999999999957e+1
2.447999999999957e+1
2.449999999999957e+1
2.451999999999957e+1
2.453999999999957e+1
2.455999999999957e+1
2.457999999999957e+1
2.459999999999957e+1
2.461999999999957e+1
2.463999999999957e+1
2.465999999999957e+1
2.467999999999957e+1
2.469999999999957e+1
2.471999999999957e+1
2.473999999999957e+1
2.475999999999956e+1
2.477999999999956e+1
2.479999999999956e+1
2.481999999999956e+1
2.483999999999956e+1
2.485999999999956e+1
2.487999999999956e+1
2.489999999999956e+1
2.491999999999956e+1
2.493999999999956e+1
2.495999999999956e+1
2.497999999999956e+1
2.499999999999956e+1
2.501999999999956e+1
2.503999999999956e+1
2.505999999999956e+1
2.507999999999956e+1
2.509999999999956e+1
2.511999999999956e+1
2.513999999999956e+1
2.515999999999956e+1
2.517999999999956e+1
2.519999999999956e+1
2.521999999999955e+1
2.523999999999955e+1
2.525999999999955e+1
2.527999999999955e+1
2.529999999999955e+1
2.531999999999955e+1
2.533999999999955e+1
2.535999999999955e+1
2.537999999999955e+1
2.539999999999955e+1
2.541999999999955e+1
2.543999999999955e+1
2.545999999999955e+1
2.547999999999955e+1
2.549999999999955e+1
2.551999999999955e+1
2.553999999999955e+1
2.555999999999955e+1
2.557999999999955e+1
2.559999999999955e+1
2.561999999999955e+1
2.563999999999955e+1
2.565999999999955e+1
2.567999999999954e+1
2.569999999999954e+1
2.571999999999954e+1
2.573999999999954e+1
2.575999999999954e+1
2.577999999999954e+1
2.579999999999954e+1
2.581999999999954e+1
2.583999999999954e+1
2.585999999999954e+1
2.587999999999954e+1
2.589999999999954e+1
2.591999999999954e+1
2.593999999999954e+1
2.595999999999954e+1
2.597999999999954e+1
2.599999999999954e+1
2.601999999999954e+1
2.603999999999954e+1
2.605999999999954e+1
2.607999999999954e+1
2.609999999999954e+1
2.611999999999954e+1
2.613999999999954e+1
2.615999999999953e+1
2.617999999999953e+1
2.619999999999953e+1
2.621999999999953e+1
2.623999999999953e+1
2.625999999999953e+1
2.627999999999953e+1
2.629999999999953e+1
2.631999999999953e+1
2.633999999999953e+1
2.635999999999953e+1
2.637999999999953e+1
2.639999999999953e+1
2.641999999999953e+1
2.643999999999953e+1
2.645999999999953e+1
2.647999999999953e+1
2.649999999999953e+1
2.651999999999953e+1
2.653999999999953e+1
2.655999999999953e+1
2.657999999999953e+1
2.659999999999953e+1
2.661999999999952e+1
2.663999999999952e+1
2.665999999999952e+1
2.667999999999952e+1
2.669999999999952e+1
2.671999999999952e+1
2.673999999999952e+1
2.675999999999952e+1
2.677999999999952e+1
2.679999999999952e+1
2.681999999999952e+1
2.683999999999952e+1
2.685999999999952e+1
2.687999999999952e+1
2.689999999999952e+1
2.691999999999952e+1
2.693999999999952e+1
2.695999999999952e+1
2.697999999999952e+1
2.699999999999952e+1
2.701999999999952e+1
2.703999999999952e+1
2.705999999999952e+1
2.707999999999952e+1
2.709999999999951e+1
2.711999999999951e+1
2.713999999999951e+1
2.715999999999951e+1
2.717999999999951e+1
2.719999999999951e+1
2.721999999999951e+1
2.723999999999951e+1
2.725999999999951e+1
2.727999999999951e+1
2.729999999999951e+1
2.731999999999951e+1
2.733999999999951e+1
2.735999999999951e+1
2.737999999999951e+1
2.739999999999951e+1
2.741999999999951e+1
2.743999999999951e+1
2.745999999999951e+1
2.747999999999951e+1
2.749999999999951e+1
2.751999999999951e+1
2.753999999999951e+1
2.755999999999950e+1
2.757999999999950e+1
2.759999999999950e+1
2.761999999999950e+1
2.763999999999950e+1
2.765999999999950e+1
2.767999999999950e+1
2.769999999999950e+1
2.771999999999950e+1
2.773999999999950e+1
2.775999999999950e+1
2.777999999999950e+1
2.779999999999950e+1
2.781999999999950e+1
2.783999999999950e+1
2.785999999999950e+1
2.787999999999950e+1
2.789999999999950e+1
2.791999999999950e+1
2.793999999999950e+1
2.795999999999950e+1
2.797999999999950e+1
2.799999999999950e+1
2.801999999999950e+1
2.803999999999949e+1
2.805999999999949e+1
2.807999999999949e+1
2.809999999999949e+1
2.811999999999949e+1
2.813999999999949e+1
2.815999999999949e+1
2.817999999999949e+1
2.819999999999949e+1
2.821999999999949e+1
2.823999999999949e+1
2.825999999999949e+1
2.827999999999949e+1
2.829999999999949e+1
2.831999999999949e+1
2.833999999999949e+1
2.835999999999949e+1
2.837999999999949e+1
2.839999999999949e+1
2.841999999999949e+1
2.843999999999949e+1
2.845999999999949e+1
2.847999999999949e+1
2.849999999999948e+1
2.851999999999948e+1
2.853999999999948e+1
2.855999999999948e+1
2.857999999999948e+1
2.859999999999948e+1
2.861999999999948e+1
2.863999999999948e+1
2.865999999999948e+1
2.867999999999948e+1
2.869999999999948e+1
2.871999999999948e+1
2.873999999999948e+1
2.875999999999948e+1
2.877999999999948e+1
2.879999999999948e+1
2.881999999999948e+1
2.883999999999948e+1
2.885999999999948e+1
2.887999999999948e+1
2.889999999999948e+1
2.891999999999948e+1
2.893999999999948e+1
2.895999999999948e+1
2.897999999999947e+1
2.899999999999947e+1
2.901999999999947e+1
2.903999999999947e+1
2.905999999999947e+1
2.907999999999947e+1
2.909999999999947e+1
2.911999999999947e+1
2.913999999999947e+1
2.915999999999947e+1
2.917999999999947e+1
2.919999999999947e+1
2.921999999999947e+1
2.923999999999947e+1
2.925999999999947e+1
2.927999999999947e+1
2.929999999999947e+1
2.931999999999947e+1
2.933999999999947e+1
2.935999999999947e+1
2.937999999999947e+1
2.939999999999947e+1
2.941999999999947e+1
2.943999999999946e+1
2.945999999999946e+1
2.947999999999946e+1
2.949999999999946e+1
2.951999999999946e+1
2.953999999999946e+1
2.955999999999946e+1
2.957999999999946e+1
2.959999999999946e+1
2.961999999999946e+1
2.963999999999946e+1
2.965999999999946e+1
2.967999999999946e+1
2.969999999999946e+1
2.971999999999946e+1
2.973999999999946e+1
2.975999999999946e+1
2.977999999999946e+1
2.979999999999946e+1
2.981999999999946e+1
2.983999999999946e+1
2.985999999999946e+1
2.987999999999946e+1
2.989999999999946e+1
2.991999999999945e+1
2.993999999999945e+1
2.995999999999945e+1
2.997999999999945e+1
2.999999999999945e+1
3.001999999999945e+1
3.003999999999945e+1
3.005999999999945e+1
3.007999999999945e+1
3.009999999999945e+1
3.011999999999945e+1
3.013999999999945e+1
3.015999999999945e+1
3.017999999999945e+1
3.019999999999945e+1
3.021999999999945e+1
3.023999999999945e+1
3.025999999999945e+1
3.027999999999945e+1
3.029999999999945e+1
3.031999999999945e+1
3.033999999999945e+1
3.035999999999945e+1
3.037999999999944e+1
3.039999999999944e+1
3.041999999999944e+1
3.043999999999944e+1
3.045999999999944e+1
3.047999999999944e+1
3.049999999999944e+1
3.051999999999944e+1
3.053999999999944e+1
3.055999999999944e+1
3.057999999999944e+1
3.059999999999944e+1
3.061999999999944e+1
3.063999999999944e+1
3.065999999999944e+1
3.067999999999944e+1
3.069999999999944e+1
3.071999999999944e+1
3.073999999999944e+1
3.075999999999944e+1
3.077999999999944e+1
3.079999999999944e+1
3.081999999999944e+1
3.083999999999943e+1
3.085999999999943e+1
3.087999999999943e+1
3.089999999999943e+1
3.091999999999943e+1
3.093999999999943e+1
3.095999999999943e+1
3.097999999999943e+1
3.099999999999943e+1
3.101999999999943e+1
3.103999999999943e+1
3.105999999999943e+1
3.107999999999943e+1
3.109999999999943e+1
3.111999999999943e+1
3.113999999999943e+1
3.115999999999943e+1
3.117999999999943e+1
3.119999999999943e+1
3.121999999999943e+1
3.123999999999943e+1
3.125999999999943e+1
3.127999999999943e+1
3.129999999999943e+1
3.131999999999942e+1
3.133999999999942e+1
3.135999999999942e+1
3.137999999999942e+1
3.139999999999942e+1
3.141999999999942e+1
3.143999999999942e+1
3.145999999999942e+1
3.147999999999942e+1
3.149999999999942e+1
3.151999999999942e+1
3.153999999999942e+1
3.155999999999942e+1
3.157999999999942e+1
3.159999999999942e+1
3.161999999999942e+1
3.163999999999942e+1
3.165999999999942e+1
3.167999999999942e+1
3.169999999999942e+1
3.171999999999942e+1
3.173999999999942e+1
3.175999999999942e+1
3.177999999999941e+1
3.179999999999941e+1
3.181999999999941e+1
3.183999999999941e+1
3.185999999999941e+1
3.187999999999941e+1
3.189999999999941e+1
3.191999999999941e+1
3.193999999999941e+1
3.195999999999941e+1
3.197999999999941e+1
3.199999999999941e+1
3.201999999999941e+1
3.203999999999942e+1
3.205999999999942e+1
3.207999999999942e+1
3.209999999999943e+1
3.211999999999943e+1
3.213999999999943e+1
3.215999999999944e+1
3.217999999999944e+1
3.219999999999944e+1
3.221999999999944e+1
3.223999999999945e+1
3.225999999999945e+1
3.227999999999945e+1
3.229999999999946e+1
3.231999999999946e+1
3.233999999999946e+1
3.235999999999947e+1
3.237999999999947e+1
3.239999999999947e+1
3.241999999999948e+1
3.243999999999948e+1
3.245999999999948e+1
3.247999999999949e+1
3.249999999999949e+1
3.251999999999949e+1
3.253999999999949e+1
3.255999999999950e+1
3.257999999999950e+1
3.259999999999950e+1
3.261999999999951e+1
3.263999999999951e+1
3.265999999999951e+1
3.267999999999952e+1
3.269999999999952e+1
3.271999999999952e+1
3.273999999999953e+1
3.275999999999953e+1
3.277999999999953e+1
3.279999999999954e+1
3.281999999999954e+1
3.283999999999954e+1
3.285999999999954e+1
3.287999999999955e+1
3.289999999999955e+1
3.291999999999955e+1
3.293999999999956e+1
3.295999999999956e+1
3.297999999999956e+1
3.299999999999957e+1
3.301999999999957e+1
3.303999999999957e+1
3.305999999999958e+1
3.307999999999958e+1
3.309999999999958e+1
3.311999999999959e+1
3.313999999999959e+1
3.315999999999959e+1
3.317999999999959e+1
3.319999999999960e+1
3.321999999999960e+1
3.323999999999960e+1
3.325999999999961e+1
3.327999999999961e+1
3.329999999999961e+1
3.331999999999962e+1
3.333999999999962e+1
3.335999999999962e+1
3.337999999999963e+1
3.339999999999963e+1
3.341999999999963e+1
3.343999999999964e+1
3.345999999999964e+1
3.347999999999964e+1
3.349999999999964e+1
3.351999999999965e+1
3.353999999999965e+1
3.355999999999965e+1
3.357999999999966e+1
3.359999999999966e+1
3.361999999999966e+1
3.363999999999967e+1
3.365999999999967e+1
3.367999999999967e+1
3.369999999999968e+1
3.371999999999968e+1
3.373999999999968e+1
3.375999999999969e+1
3.377999999999969e+1
3.379999999999969e+1
3.381999999999969e+1
3.383999999999970e+1
3.385999999999970e+1
3.387999999999970e+1
3.389999999999971e+1
3.391999999999971e+1
3.393999999999971e+1
3.395999999999972e+1
3.397999999999972e+1
3.399999999999972e+1
3.401999999999973e+1
3.403999999999973e+1
3.405999999999973e+1
3.407999999999974e+1
3.409999999999974e+1
3.411999999999974e+1
3.413999999999974e+1
3.415999999999975e+1
3.417999999999975e+1
3.419999999999975e+1
3.421999999999976e+1
3.423999999999976e+1
3.425999999999976e+1
3.427999999999977e+1
3.429999999999977e+1
3.431999999999977e+1
3.433999999999978e+1
3.435999999999978e+1
3.437999999999978e+1
3.439999999999979e+1
3.441999999999979e+1
3.443999999999979e+1
3.445999999999979e+1
3.447999999999980e+1
3.449999999999980e+1
3.451999999999980e+1
3.453999999999981e+1
3.455999999999981e+1
3.457999999999981e+1
3.459999999999982e+1
3.461999999999982e+1
3.463999999999982e+1
3.465999999999983e+1
3.467999999999983e+1
3.469999999999983e+1
3.471999999999984e+1
3.473999999999984e+1
3.475999999999984e+1
3.477999999999984e+1
3.479999999999985e+1
3.481999999999985e+1
3.483999999999985e+1
3.485999999999986e+1
3.487999999999986e+1
3.489999999999986e+1
3.491999999999987e+1
3.493999999999987e+1
3.495999999999987e+1
3.497999999999988e+1
3.499999999999988e+1
3.501999999999988e+1
3.503999999999989e+1
3.505999999999989e+1
3.507999999999989e+1
3.509999999999989e+1
3.511999999999990e+1
3.513999999999990e+1
3.515999999999990e+1
3.517999999999991e+1
3.519999999999991e+1
3.521999999999991e+1
3.523999999999992e+1
3.525999999999992e+1
3.527999999999992e+1
3.529999999999993e+1
3.531999999999993e+1
3.533999999999993e+1
3.535999999999994e+1
3.537999999999994e+1
3.539999999999994e+1
3.541999999999994e+1
3.543999999999995e+1
3.545999999999995e+1
3.547999999999995e+1
3.549999999999996e+1
3.551999999999996e+1
3.553999999999996e+1
3.555999999999997e+1
3.557999999999997e+1
3.559999999999997e+1
3.561999999999998e+1
3.563999999999998e+1
3.565999999999998e+1
3.567999999999999e+1
3.569999999999999e+1
3.571999999999999e+1
3.573999999999999e+1
3.576000000000000e+1
3.578000000000000e+1
3.580000000000000e+1
3.582000000000001e+1
3.584000000000001e+1
3.586000000000001e+1
3.588000000000002e+1
3.590000000000002e+1
3.592000000000002e+1
3.594000000000003e+1
3.596000000000003e+1
3.598000000000003e+1
3.600000000000004e+1
3.602000000000004e+1
3.604000000000004e+1
3.606000000000004e+1
3.608000000000005e+1
3.610000000000005e+1
3.612000000000005e+1
3.614000000000006e+1
3.616000000000006e+1
3.618000000000006e+1
3.620000000000007e+1
3.622000000000007e+1
3.624000000000007e+1
3.626000000000008e+1
3.628000000000008e+1
3.630000000000008e+1
3.632000000000009e+1
3.634000000000009e+1
3.636000000000009e+1
3.638000000000009e+1
3.640000000000010e+1
3.642000000000010e+1
3.644000000000010e+1
3.646000000000011e+1
3.648000000000011e+1
3.650000000000011e+1
3.652000000000012e+1
3.654000000000012e+1
3.656000000000012e+1
3.658000000000013e+1
3.660000000000013e+1
3.662000000000013e+1
3.664000000000014e+1
3.666000000000014e+1
3.668000000000014e+1
3.670000000000014e+1
3.672000000000015e+1
3.674000000000015e+1
3.676000000000015e+1
3.678000000000016e+1
3.680000000000016e+1
3.682000000000016e+1
3.684000000000017e+1
3.686000000000017e+1
3.688000000000017e+1
3.690000000000018e+1
3.692000000000018e+1
3.694000000000018e+1
3.696000000000019e+1
3.698000000000019e+1
3.700000000000019e+1
3.702000000000019e+1
3.704000000000020e+1
3.706000000000020e+1
3.708000000000020e+1
3.710000000000021e+1
3.712000000000021e+1
3.714000000000021e+1
3.716000000000022e+1
3.718000000000022e+1
3.720000000000022e+1
3.722000000000023e+1
3.724000000000023e+1
3.726000000000023e+1
3.728000000000024e+1
3.730000000000024e+1
3.732000000000024e+1
3.734000000000024e+1
3.736000000000025e+1
3.738000000000025e+1
3.740000000000025e+1
3.742000000000026e+1
3.744000000000026e+1
3.746000000000026e+1
3.748000000000027e+1
3.750000000000027e+1
3.752000000000027e+1
3.754000000000028e+1
3.756000000000028e+1
3.758000000000028e+1
3.760000000000029e+1
3.762000000000029e+1
3.764000000000029e+1
3.766000000000030e+1
3.768000000000030e+1
3.770000000000030e+1
3.772000000000030e+1
3.774000000000031e+1
3.776000000000031e+1
3.778000000000031e+1
3.780000000000032e+1
3.782000000000032e+1
3.784000000000032e+1
3.786000000000033e+1
3.788000000000033e+1
3.790000000000033e+1
3.792000000000034e+1
3.794000000000034e+1
3.796000000000034e+1
3.798000000000035e+1
3.800000000000035e+1
3.802000000000035e+1
3.804000000000035e+1
3.806000000000036e+1
3.808000000000036e+1
3.810000000000036e+1
3.812000000000037e+1
3.814000000000037e+1
3.816000000000037e+1
3.818000000000038e+1
3.820000000000038e+1
3.822000000000038e+1
3.824000000000039e+1
3.826000000000039e+1
3.828000000000039e+1
3.830000000000040e+1
3.832000000000040e+1
3.834000000000040e+1
3.836000000000040e+1
3.838000000000041e+1
3.840000000000041e+1
3.842000000000041e+1
3.844000000000042e+1
3.846000000000042e+1
3.848000000000042e+1
3.850000000000043e+1
3.852000000000043e+1
3.854000000000043e+1
3.856000000000044e+1
3.858000000000044e+1
3.860000000000044e+1
3.862000000000045e+1
3.864000000000045e+1
3.866000000000045e+1
3.868000000000045e+1
3.870000000000046e+1
3.872000000000046e+1
3.874000000000046e+1
3.876000000000047e+1
3.878000000000047e+1
3.880000000000047e+1
3.882000000000048e+1
3.884000000000048e+1
3.886000000000048e+1
3.888000000000049e+1
3.890000000000049e+1
3.892000000000049e+1
3.894000000000050e+1
3.896000000000050e+1
3.898000000000050e+1
3.900000000000050e+1
3.902000000000051e+1
3.904000000000051e+1
3.906000000000051e+1
3.908000000000052e+1
3.910000000000052e+1
3.912000000000052e+1
3.914000000000053e+1
3.916000000000053e+1
3.918000000000053e+1
3.920000000000054e+1
3.922000000000054e+1
3.924000000000054e+1
3.926000000000055e+1
3.928000000000055e+1
3.930000000000055e+1
3.932000000000055e+1
3.934000000000056e+1
3.936000000000056e+1
3.938000000000056e+1
3.940000000000057e+1
3.942000000000057e+1
3.944000000000057e+1
3.946000000000058e+1
3.948000000000058e+1
3.950000000000058e+1
3.952000000000059e+1
3.954000000000059e+1
3.956000000000059e+1
3.958000000000060e+1
3.960000000000060e+1
3.962000000000060e+1
3.964000000000060e+1
3.966000000000061e+1
3.968000000000061e+1
3.970000000000061e+1
3.972000000000062e+1
3.974000000000062e+1
3.976000000000062e+1
3.978000000000063e+1
3.980000000000063e+1
3.982000000000063e+1
3.984000000000064e+1
3.986000000000064e+1
3.988000000000064e+1
3.990000000000065e+1
3.992000000000065e+1
3.994000000000065e+1
3.996000000000065e+1
3.998000000000066e+1
4.000000000000066e+1
4.002000000000066e+1
4.004000000000067e+1
4.006000000000067e+1
4.008000000000067e+1
4.010000000000068e+1
4.012000000000068e+1
4.014000000000068e+1
4.016000000000069e+1
4.018000000000069e+1
4.020000000000069e+1
4.022000000000070e+1
4.024000000000070e+1
4.026000000000070e+1
4.028000000000070e+1
4.030000000000071e+1
4.032000000000071e+1
4.034000000000071e+1
4.036000000000072e+1
4.038000000000072e+1
4.040000000000072e+1
4.042000000000073e+1
4.044000000000073e+1
4.046000000000073e+1
4.048000000000074e+1
4.050000000000074e+1
4.052000000000074e+1
4.054000000000075e+1
4.056000000000075e+1
4.058000000000075e+1
4.060000000000075e+1
4.062000000000076e+1
4.064000000000076e+1
4.066000000000076e+1
4.068000000000077e+1
4.070000000000077e+1
4.072000000000077e+1
4.074000000000078e+1
4.076000000000078e+1
4.078000000000078e+1
4.080000000000079e+1
4.082000000000079e+1
4.084000000000079e+1
4.086000000000080e+1
4.088000000000080e+1
4.090000000000080e+1
4.092000000000080e+1
4.094000000000081e+1
4.096000000000081e+1
4.098000000000081e+1
4.100000000000082e+1
4.102000000000082e+1
4.104000000000082e+1
4.106000000000083e+1
4.108000000000083e+1
4.110000000000083e+1
4.112000000000084e+1
4.114000000000084e+1
4.116000000000084e+1
4.118000000000085e+1
4.120000000000085e+1
4.122000000000085e+1
4.124000000000085e+1
4.126000000000086e+1
4.128000000000086e+1
4.130000000000086e+1
4.132000000000087e+1
4.134000000000087e+1
4.136000000000087e+1
4.138000000000088e+1
4.140000000000088e+1
4.142000000000088e+1
4.144000000000089e+1
4.146000000000089e+1
4.148000000000089e+1
4.150000000000090e+1
4.152000000000090e+1
4.154000000000090e+1
4.156000000000090e+1
4.158000000000091e+1
4.160000000000091e+1
4.162000000000091e+1
4.164000000000092e+1
4.166000000000092e+1
4.168000000000092e+1
4.170000000000093e+1
4.172000000000093e+1
4.174000000000093e+1
4.176000000000094e+1
4.178000000000094e+1
4.180000000000094e+1
4.182000000000095e+1
4.184000000000095e+1
4.186000000000095e+1
4.188000000000095e+1
4.190000000000096e+1
4.192000000000096e+1
4.194000000000096e+1
4.196000000000097e+1
4.198000000000097e+1
4.200000000000097e+1
4.202000000000098e+1
4.204000000000098e+1
4.206000000000098e+1
4.208000000000099e+1
4.210000000000099e+1
4.212000000000099e+1
4.214000000000100e+1
4.216000000000100e+1
4.218000000000100e+1
4.220000000000100e+1
4.222000000000101e+1
4.224000000000101e+1
4.226000000000101e+1
4.228000000000102e+1
4.230000000000102e+1
4.232000000000102e+1
4.234000000000103e+1
4.236000000000103e+1
4.238000000000103e+1
4.240000000000104e+1
4.242000000000104e+1
4.244000000000104e+1
4.246000000000105e+1
4.248000000000105e+1
4.250000000000105e+1
4.252000000000105e+1
4.254000000000106e+1
4.256000000000106e+1
4.258000000000106e+1
4.260000000000107e+1
4.262000000000107e+1
4.264000000000107e+1
4.266000000000108e+1
4.268000000000108e+1
4.270000000000108e+1
4.272000000000109e+1
4.274000000000109e+1
4.276000000000109e+1
4.278000000000110e+1
4.280000000000110e+1
4.282000000000110e+1
4.284000000000110e+1
4.286000000000111e+1
4.288000000000111e+1
4.290000000000111e+1
4.292000000000112e+1
4.294000000000112e+1
4.296000000000112e+1
4.298000000000113e+1
4.300000000000113e+1
4.302000000000113e+1
4.304000000000114e+1
4.306000000000114e+1
4.308000000000114e+1
4.310000000000115e+1
4.312000000000115e+1
4.314000000000115e+1
4.316000000000115e+1
4.318000000000116e+1
4.320000000000116e+1
4.322000000000116e+1
4.324000000000117e+1
4.326000000000117e+1
4.328000000000117e+1
4.330000000000118e+1
4.332000000000118e+1
4.334000000000118e+1
4.336000000000119e+1
4.338000000000119e+1
4.340000000000119e+1
4.342000000000120e+1
4.344000000000120e+1
4.346000000000120e+1
4.348000000000120e+1
4.350000000000121e+1
4.352000000000121e+1
4.354000000000121e+1
4.356000000000122e+1
4.358000000000122e+1
4.360000000000122e+1
4.362000000000123e+1
4.364000000000123e+1
4.366000000000123e+1
4.368000000000124e+1
4.370000000000124e+1
4.372000000000124e+1
4.374000000000125e+1
4.376000000000125e+1
4.378000000000125e+1
4.380000000000125e+1
4.382000000000126e+1
4.384000000000126e+1
4.386000000000126e+1
4.388000000000127e+1
4.390000000000127e+1
4.392000000000127e+1
4.394000000000128e+1
4.396000000000128e+1
4.398000000000128e+1
4.400000000000129e+1
4.402000000000129e+1
4.404000000000129e+1
4.406000000000130e+1
4.408000000000130e+1
4.410000000000130e+1
4.412000000000130e+1
4.414000000000131e+1
4.416000000000131e+1
4.418000000000131e+1
4.420000000000132e+1
4.422000000000132e+1
4.424000000000132e+1
4.426000000000133e+1
4.428000000000133e+1
4.430000000000133e+1
4.432000000000134e+1
4.434000000000134e+1
4.436000000000134e+1
4.438000000000135e+1
4.440000000000135e+1
4.442000000000135e+1
4.444000000000135e+1
4.446000000000136e+1
4.448000000000136e+1
4.450000000000136e+1
4.452000000000137e+1
4.454000000000137e+1
4.456000000000137e+1
4.458000000000138e+1
4.460000000000138e+1
4.462000000000138e+1
4.464000000000139e+1
4.466000000000139e+1
4.468000000000139e+1
4.470000000000140e+1
4.472000000000140e+1
4.474000000000140e+1
4.476000000000140e+1
4.478000000000141e+1
4.480000000000141e+1
4.482000000000141e+1
4.484000000000142e+1
4.486000000000142e+1
4.488000000000142e+1
4.490000000000143e+1
4.492000000000143e+1
4.494000000000143e+1
4.496000000000144e+1
4.498000000000144e+1
4.500000000000144e+1
4.502000000000145e+1
4.504000000000145e+1
4.506000000000145e+1
4.508000000000145e+1
4.510000000000146e+1
4.512000000000146e+1
4.514000000000146e+1
4.516000000000147e+1
4.518000000000147e+1
4.520000000000147e+1
4.522000000000148e+1
4.524000000000148e+1
4.526000000000148e+1
4.528000000000149e+1
4.530000000000149e+1
4.532000000000149e+1
4.534000000000150e+1
4.536000000000150e+1
4.538000000000150e+1
4.540000000000150e+1
4.542000000000151e+1
4.544000000000151e+1
4.546000000000151e+1
4.548000000000152e+1
4.550000000000152e+1
4.552000000000152e+1
4.554000000000153e+1
4.556000000000153e+1
4.558000000000153e+1
4.560000000000154e+1
4.562000000000154e+1
4.564000000000154e+1
4.566000000000155e+1
4.568000000000155e+1
4.570000000000155e+1
4.572000000000155e+1
4.574000000000156e+1
4.576000000000156e+1
4.578000000000156e+1
4.580000000000157e+1
4.582000000000157e+1
4.584000000000157e+1
4.586000000000158e+1
4.588000000000158e+1
4.590000000000158e+1
4.592000000000159e+1
4.594000000000159e+1
4.596000000000159e+1
4.598000000000160e+1
4.600000000000160e+1
4.602000000000160e+1
4.604000000000160e+1
4.606000000000161e+1
4.608000000000161e+1
4.610000000000161e+1
4.612000000000162e+1
4.614000000000162e+1
4.616000000000162e+1
4.618000000000163e+1
4.620000000000163e+1
4.622000000000163e+1
4.624000000000164e+1
4.626000000000164e+1
4.628000000000164e+1
4.630000000000165e+1
4.632000000000165e+1
4.634000000000165e+1
4.636000000000165e+1
4.638000000000166e+1
4.640000000000166e+1
4.642000000000166e+1
4.644000000000167e+1
4.646000000000167e+1
4.648000000000167e+1
4.650000000000168e+1
4.652000000000168e+1
4.654000000000168e+1
4.656000000000169e+1
4.658000000000169e+1
4.660000000000169e+1
4.662000000000170e+1
4.664000000000170e+1
4.666000000000170e+1
4.668000000000171e+1
4.670000000000171e+1
4.672000000000171e+1
4.674000000000171e+1
4.676000000000172e+1
4.678000000000172e+1
4.680000000000172e+1
4.682000000000173e+1
4.684000000000173e+1
4.686000000000173e+1
4.688000000000174e+1
4.690000000000174e+1
4.692000000000174e+1
4.694000000000175e+1
4.696000000000175e+1
4.698000000000175e+1
4.700000000000176e+1
4.702000000000176e+1
4.704000000000176e+1
4.706000000000176e+1
4.708000000000177e+1
4.710000000000177e+1
4.712000000000177e+1
4.714000000000178e+1
4.716000000000178e+1
4.718000000000178e+1
4.720000000000179e+1
4.722000000000179e+1
4.724000000000179e+1
4.726000000000180e+1
4.728000000000180e+1
4.730000000000180e+1
4.732000000000181e+1
4.734000000000181e+1
4.736000000000181e+1
4.738000000000181e+1
4.740000000000182e+1
4.742000000000182e+1
4.744000000000182e+1
4.746000000000183e+1
4.748000000000183e+1
4.750000000000183e+1
4.752000000000184e+1
4.754000000000184e+1
4.756000000000184e+1
4.758000000000185e+1
4.760000000000185e+1
4.762000000000185e+1
4.764000000000186e+1
4.766000000000186e+1
4.768000000000186e+1
4.770000000000186e+1
4.772000000000187e+1
4.774000000000187e+1
4.776000000000187e+1
4.778000000000188e+1
4.780000000000188e+1
4.782000000000188e+1
4.784000000000189e+1
4.786000000000189e+1
4.788000000000189e+1
4.790000000000190e+1
4.792000000000190e+1
4.794000000000190e+1
4.796000000000191e+1
4.798000000000191e+1
4.800000000000191e+1
4.802000000000191e+1
4.804000000000192e+1
4.806000000000192e+1
4.808000000000192e+1
4.810000000000193e+1
4.812000000000193e+1
4.814000000000193e+1
4.816000000000194e+1
4.818000000000194e+1
4.820000000000194e+1
4.822000000000195e+1
4.824000000000195e+1
4.826000000000195e+1
4.828000000000196e+1
4.830000000000196e+1
4.832000000000196e+1
4.834000000000196e+1
4.836000000000197e+1
4.838000000000197e+1
4.840000000000197e+1
4.842000000000198e+1
4.844000000000198e+1
4.846000000000198e+1
4.848000000000199e+1
4.850000000000199e+1
4.852000000000199e+1
4.854000000000200e+1
4.856000000000200e+1
4.858000000000200e+1
4.860000000000201e+1
4.862000000000201e+1
4.864000000000201e+1
4.866000000000201e+1
4.868000000000202e+1
4.870000000000202e+1
4.872000000000202e+1
4.874000000000203e+1
4.876000000000203e+1
4.878000000000203e+1
4.880000000000204e+1
4.882000000000204e+1
4.884000000000204e+1
4.886000000000205e+1
4.888000000000205e+1
4.890000000000205e+1
4.892000000000206e+1
4.894000000000206e+1
4.896000000000206e+1
4.898000000000206e+1
4.900000000000207e+1
4.902000000000207e+1
4.904000000000207e+1
4.906000000000208e+1
4.908000000000208e+1
4.910000000000208e+1
4.912000000000209e+1
4.914000000000209e+1
4.916000000000209e+1
4.918000000000210e+1
4.920000000000210e+1
4.922000000000210e+1
4.924000000000211e+1
4.926000000000211e+1
4.928000000000211e+1
4.930000000000211e+1
4.932000000000212e+1
4.934000000000212e+1
4.936000000000212e+1
4.938000000000213e+1
4.940000000000213e+1
4.942000000000213e+1
4.944000000000214e+1
4.946000000000214e+1
4.948000000000214e+1
4.950000000000215e+1
4.952000000000215e+1
4.954000000000215e+1
4.956000000000216e+1
4.958000000000216e+1
4.960000000000216e+1
4.962000000000216e+1
4.964000000000217e+1
4.966000000000217e+1
4.968000000000217e+1
4.970000000000218e+1
4.972000000000218e+1
4.974000000000218e+1
4.976000000000219e+1
4.978000000000219e+1
4.980000000000219e+1
4.982000000000220e+1
4.984000000000220e+1
4.986000000000220e+1
4.988000000000221e+1
4.990000000000221e+1
4.992000000000221e+1
4.994000000000221e+1
4.996000000000222e+1
4.998000000000222e+1
5.000000000000000e+1
