831
-5.000000000000000e+0
-4.699926844001000e+0
-4.393593492408097e+0
-4.084122130736308e+0
-3.774765503596378e+0
-3.468771547148502e+0
-3.169248444691777e+0
-2.879041843749913e+0
-2.600634190279056e+0
-2.336073023525473e+0
-2.086931282339828e+0
-1.854298922113387e+0
-1.638802041822554e+0
-1.440643649584250e+0
-1.259659258574234e+0
-1.095380579705834e+0
-9.471013968680753e-1
-8.139409603347643e-1
-6.949016266493926e-1
-5.889187917933114e-1
-4.949022753656269e-1
-4.117691588349697e-1
-3.384686588066002e-1
-2.739999594428335e-1
-2.174240855408511e-1
-1.678709209766280e-1
-1.245424127423851e-1
-8.671288619569850e-2
-5.372726023244745e-2
-2.499781087467845e-2
0.000000000000000e+0
2.500000000000000e-2
5.000000000000000e-2
7.500000000000001e-2
1.000000000000000e-1
1.250000000000000e-1
1.500000000000000e-1
1.750000000000000e-1
2.000000000000000e-1
2.250000000000000e-1
2.500000000000000e-1
2.750000000000000e-1
3.000000000000000e-1
3.250000000000000e-1
3.500000000000000e-1
3.750000000000001e-1
4.000000000000001e-1
4.250000000000001e-1
4.500000000000001e-1
4.750000000000001e-1
5.000000000000001e-1
5.250000000000001e-1
5.500000000000002e-1
5.750000000000002e-1
6.000000000000002e-1
6.250000000000002e-1
6.500000000000002e-1
6.750000000000003e-1
7.000000000000003e-1
7.250000000000003e-1
7.500000000000003e-1
7.750000000000004e-1
8.000000000000004e-1
8.250000000000004e-1
8.500000000000004e-1
8.750000000000004e-1
9.000000000000005e-1
9.250000000000005e-1
9.500000000000005e-1
9.750000000000005e-1
1.000000000000000e+0
1.025000000000000e+0
1.050000000000000e+0
1.075000000000000e+0
1.100000000000000e+0
1.125000000000000e+0
1.150000000000000e+0
1.175000000000000e+0
1.200000000000000e+0
1.225000000000000e+0
1.250000000000000e+0
1.274999999999999e+0
1.299999999999999e+0
1.324999999999999e+0
1.349999999999999e+0
1.374999999999999e+0
1.399999999999999e+0
1.424999999999999e+0
1.449999999999999e+0
1.474999999999999e+0
1.499999999999999e+0
1.524999999999999e+0
1.549999999999998e+0
1.574999999999998e+0
1.599999999999998e+0
1.624999999999998e+0
1.649999999999998e+0
1.674999999999998e+0
1.699999999999998e+0
1.724999999999998e+0
1.749999999999998e+0
1.774999999999998e+0
1.799999999999998e+0
1.824999999999998e+0
1.849999999999997e+0
1.874999999999997e+0
1.899999999999997e+0
1.924999999999997e+0
1.949999999999997e+0
1.974999999999997e+0
1.999999999999997e+0
2.024999999999997e+0
2.049999999999997e+0
2.074999999999997e+0
2.099999999999997e+0
2.124999999999996e+0
2.149999999999996e+0
2.174999999999996e+0
2.199999999999996e+0
2.224999999999996e+0
2.249999999999996e+0
2.274999999999996e+0
2.299999999999996e+0
2.324999999999996e+0
2.349999999999996e+0
2.374999999999996e+0
2.399999999999995e+0
2.424999999999995e+0
2.449999999999995e+0
2.474999999999995e+0
2.499999999999995e+0
2.524999999999995e+0
2.549999999999995e+0
2.574999999999995e+0
2.599999999999995e+0
2.624999999999995e+0
2.649999999999995e+0
2.674999999999994e+0
2.699999999999994e+0
2.724999999999994e+0
2.749999999999994e+0
2.774999999999994e+0
2.799999999999994e+0
2.824999999999994e+0
2.849999999999994e+0
2.874999999999994e+0
2.899999999999994e+0
2.924999999999994e+0
2.949999999999994e+0
2.974999999999993e+0
2.999999999999993e+0
3.024999999999993e+0
3.049999999999993e+0
3.074999999999993e+0
3.099999999999993e+0
3.124999999999993e+0
3.149999999999993e+0
3.174999999999993e+0
3.199999999999993e+0
3.224999999999993e+0
3.249999999999992e+0
3.274999999999992e+0
3.299999999999992e+0
3.324999999999992e+0
3.349999999999992e+0
3.374999999999992e+0
3.399999999999992e+0
3.424999999999992e+0
3.449999999999992e+0
3.474999999999992e+0
3.499999999999992e+0
3.524999999999991e+0
3.549999999999991e+0
3.574999999999991e+0
3.599999999999991e+0
3.624999999999991e+0
3.649999999999991e+0
3.674999999999991e+0
3.699999999999991e+0
3.724999999999991e+0
3.749999999999991e+0
3.774999999999991e+0
3.799999999999990e+0
3.824999999999990e+0
3.849999999999990e+0
3.874999999999990e+0
3.899999999999990e+0
3.924999999999990e+0
3.949999999999990e+0
3.974999999999990e+0
3.999999999999990e+0
4.024999999999990e+0
4.049999999999990e+0
4.074999999999990e+0
4.099999999999991e+0
4.124999999999991e+0
4.149999999999991e+0
4.174999999999992e+0
4.199999999999992e+0
4.224999999999993e+0
4.249999999999993e+0
4.274999999999993e+0
4.299999999999994e+0
4.324999999999994e+0
4.349999999999994e+0
4.374999999999995e+0
4.399999999999995e+0
4.424999999999995e+0
4.449999999999996e+0
4.474999999999996e+0
4.499999999999996e+0
4.524999999999997e+0
4.549999999999997e+0
4.574999999999998e+0
4.599999999999998e+0
4.624999999999998e+0
4.649999999999999e+0
4.674999999999999e+0
4.699999999999999e+0
4.725000000000000e+0
4.750000000000000e+0
4.775000000000000e+0
4.800000000000001e+0
4.825000000000001e+0
4.850000000000001e+0
4.875000000000002e+0
4.900000000000002e+0
4.925000000000002e+0
4.950000000000003e+0
4.975000000000003e+0
5.000000000000004e+0
5.025000000000004e+0
5.050000000000004e+0
5.075000000000005e+0
5.100000000000005e+0
5.125000000000005e+0
5.150000000000006e+0
5.175000000000006e+0
5.200000000000006e+0
5.225000000000007e+0
5.250000000000007e+0
5.275000000000007e+0
5.300000000000008e+0
5.325000000000008e+0
5.350000000000009e+0
5.375000000000009e+0
5.400000000000009e+0
5.425000000000010e+0
5.450000000000010e+0
5.475000000000010e+0
5.500000000000011e+0
5.525000000000011e+0
5.550000000000011e+0
5.575000000000012e+0
5.600000000000012e+0
5.625000000000012e+0
5.650000000000013e+0
5.675000000000013e+0
5.700000000000014e+0
5.725000000000014e+0
5.750000000000014e+0
5.775000000000015e+0
5.800000000000015e+0
5.825000000000015e+0
5.850000000000016e+0
5.875000000000016e+0
5.900000000000016e+0
5.925000000000017e+0
5.950000000000017e+0
5.975000000000017e+0
6.000000000000018e+0
6.025000000000018e+0
6.050000000000018e+0
6.075000000000019e+0
6.100000000000019e+0
6.125000000000020e+0
6.150000000000020e+0
6.175000000000020e+0
6.200000000000021e+0
6.225000000000021e+0
6.250000000000021e+0
6.275000000000022e+0
6.300000000000022e+0
6.325000000000022e+0
6.350000000000023e+0
6.375000000000023e+0
6.400000000000023e+0
6.425000000000024e+0
6.450000000000024e+0
6.475000000000025e+0
6.500000000000025e+0
6.525000000000025e+0
6.550000000000026e+0
6.575000000000026e+0
6.600000000000026e+0
6.625000000000027e+0
6.650000000000027e+0
6.675000000000027e+0
6.700000000000028e+0
6.725000000000028e+0
6.750000000000028e+0
6.775000000000029e+0
6.800000000000029e+0
6.825000000000029e+0
6.850000000000030e+0
6.875000000000030e+0
6.900000000000031e+0
6.925000000000031e+0
6.950000000000031e+0
6.975000000000032e+0
7.000000000000032e+0
7.025000000000032e+0
7.050000000000033e+0
7.075000000000033e+0
7.100000000000033e+0
7.125000000000034e+0
7.150000000000034e+0
7.175000000000034e+0
7.200000000000035e+0
7.225000000000035e+0
7.250000000000036e+0
7.275000000000036e+0
7.300000000000036e+0
7.325000000000037e+0
7.350000000000037e+0
7.375000000000037e+0
7.400000000000038e+0
7.425000000000038e+0
7.450000000000038e+0
7.475000000000039e+0
7.500000000000039e+0
7.525000000000039e+0
7.550000000000040e+0
7.575000000000040e+0
7.600000000000041e+0
7.625000000000041e+0
7.650000000000041e+0
7.675000000000042e+0
7.700000000000042e+0
7.725000000000042e+0
7.750000000000043e+0
7.775000000000043e+0
7.800000000000043e+0
7.825000000000044e+0
7.850000000000044e+0
7.875000000000044e+0
7.900000000000045e+0
7.925000000000045e+0
7.950000000000045e+0
7.975000000000046e+0
8.000000000000046e+0
8.025000000000047e+0
8.050000000000047e+0
8.075000000000047e+0
8.100000000000048e+0
8.125000000000048e+0
8.150000000000048e+0
8.175000000000049e+0
8.200000000000049e+0
8.225000000000049e+0
8.250000000000050e+0
8.275000000000050e+0
8.300000000000050e+0
8.325000000000051e+0
8.350000000000051e+0
8.375000000000052e+0
8.400000000000052e+0
8.425000000000052e+0
8.450000000000053e+0
8.475000000000053e+0
8.500000000000053e+0
8.525000000000054e+0
8.550000000000054e+0
8.575000000000054e+0
8.600000000000055e+0
8.625000000000055e+0
8.650000000000055e+0
8.675000000000056e+0
8.700000000000056e+0
8.725000000000056e+0
8.750000000000057e+0
8.775000000000057e+0
8.800000000000058e+0
8.825000000000058e+0
8.850000000000058e+0
8.875000000000059e+0
8.900000000000059e+0
8.925000000000059e+0
8.950000000000060e+0
8.975000000000060e+0
9.000000000000060e+0
9.025000000000061e+0
9.050000000000061e+0
9.075000000000061e+0
9.100000000000062e+0
9.125000000000062e+0
9.150000000000063e+0
9.175000000000063e+0
9.200000000000063e+0
9.225000000000064e+0
9.250000000000064e+0
9.275000000000064e+0
9.300000000000065e+0
9.325000000000065e+0
9.350000000000065e+0
9.375000000000066e+0
9.400000000000066e+0
9.425000000000066e+0
9.450000000000067e+0
9.475000000000067e+0
9.500000000000068e+0
9.525000000000068e+0
9.550000000000068e+0
9.575000000000069e+0
9.600000000000069e+0
9.625000000000069e+0
9.650000000000070e+0
9.675000000000070e+0
9.700000000000070e+0
9.725000000000071e+0
9.750000000000071e+0
9.775000000000071e+0
9.800000000000072e+0
9.825000000000072e+0
9.850000000000072e+0
9.875000000000073e+0
9.900000000000073e+0
9.925000000000074e+0
9.950000000000074e+0
9.975000000000074e+0
1.000000000000007e+1
1.002500000000007e+1
1.005000000000008e+1
1.007500000000008e+1
1.010000000000008e+1
1.012500000000008e+1
1.015000000000008e+1
1.017500000000008e+1
1.020000000000008e+1
1.022500000000008e+1
1.025000000000008e+1
1.027500000000008e+1
1.030000000000008e+1
1.032500000000008e+1
1.035000000000008e+1
1.037500000000008e+1
1.040000000000008e+1
1.042500000000008e+1
1.045000000000008e+1
1.047500000000008e+1
1.050000000000008e+1
1.052500000000008e+1
1.055000000000008e+1
1.057500000000008e+1
1.060000000000008e+1
1.062500000000008e+1
1.065000000000008e+1
1.067500000000008e+1
1.070000000000008e+1
1.072500000000008e+1
1.075000000000009e+1
1.077500000000009e+1
1.080000000000009e+1
1.082500000000009e+1
1.085000000000009e+1
1.087500000000009e+1
1.090000000000009e+1
1.092500000000009e+1
1.095000000000009e+1
1.097500000000009e+1
1.100000000000009e+1
1.102500000000009e+1
1.105000000000009e+1
1.107500000000009e+1
1.110000000000009e+1
1.112500000000009e+1
1.115000000000009e+1
1.117500000000009e+1
1.120000000000009e+1
1.122500000000009e+1
1.125000000000009e+1
1.127500000000009e+1
1.130000000000009e+1
1.132500000000009e+1
1.135000000000009e+1
1.137500000000009e+1
1.140000000000009e+1
1.142500000000009e+1
1.145000000000010e+1
1.147500000000010e+1
1.150000000000010e+1
1.152500000000010e+1
1.155000000000010e+1
1.157500000000010e+1
1.160000000000010e+1
1.162500000000010e+1
1.165000000000010e+1
1.167500000000010e+1
1.170000000000010e+1
1.172500000000010e+1
1.175000000000010e+1
1.177500000000010e+1
1.180000000000010e+1
1.182500000000010e+1
1.185000000000010e+1
1.187500000000010e+1
1.190000000000010e+1
1.192500000000010e+1
1.195000000000010e+1
1.197500000000010e+1
1.200000000000010e+1
1.202500000000010e+1
1.205000000000010e+1
1.207500000000010e+1
1.210000000000010e+1
1.212500000000010e+1
1.215000000000011e+1
1.217500000000011e+1
1.220000000000011e+1
1.222500000000011e+1
1.225000000000011e+1
1.227500000000011e+1
1.230000000000011e+1
1.232500000000011e+1
1.235000000000011e+1
1.237500000000011e+1
1.240000000000011e+1
1.242500000000011e+1
1.245000000000011e+1
1.247500000000011e+1
1.250000000000011e+1
1.252500000000011e+1
1.255000000000011e+1
1.257500000000011e+1
1.260000000000011e+1
1.262500000000011e+1
1.265000000000011e+1
1.267500000000011e+1
1.270000000000011e+1
1.272500000000011e+1
1.275000000000011e+1
1.277500000000011e+1
1.280000000000011e+1
1.282500000000011e+1
1.285000000000012e+1
1.287500000000012e+1
1.290000000000012e+1
1.292500000000012e+1
1.295000000000012e+1
1.297500000000012e+1
1.300000000000012e+1
1.302500000000012e+1
1.305000000000012e+1
1.307500000000012e+1
1.310000000000012e+1
1.312500000000012e+1
1.315000000000012e+1
1.317500000000012e+1
1.320000000000012e+1
1.322500000000012e+1
1.325000000000012e+1
1.327500000000012e+1
1.330000000000012e+1
1.332500000000012e+1
1.335000000000012e+1
1.337500000000012e+1
1.340000000000012e+1
1.342500000000012e+1
1.345000000000012e+1
1.347500000000012e+1
1.350000000000012e+1
1.352500000000012e+1
1.355000000000013e+1
1.357500000000013e+1
1.360000000000013e+1
1.362500000000013e+1
1.365000000000013e+1
1.367500000000013e+1
1.370000000000013e+1
1.372500000000013e+1
1.375000000000013e+1
1.377500000000013e+1
1.380000000000013e+1
1.382500000000013e+1
1.385000000000013e+1
1.387500000000013e+1
1.390000000000013e+1
1.392500000000013e+1
1.395000000000013e+1
1.397500000000013e+1
1.400000000000013e+1
1.402500000000013e+1
1.405000000000013e+1
1.407500000000013e+1
1.410000000000013e+1
1.412500000000013e+1
1.415000000000013e+1
1.417500000000013e+1
1.420000000000013e+1
1.422500000000013e+1
1.425000000000014e+1
1.427500000000014e+1
1.430000000000014e+1
1.432500000000014e+1
1.435000000000014e+1
1.437500000000014e+1
1.440000000000014e+1
1.442500000000014e+1
1.445000000000014e+1
1.447500000000014e+1
1.450000000000014e+1
1.452500000000014e+1
1.455000000000014e+1
1.457500000000014e+1
1.460000000000014e+1
1.462500000000014e+1
1.465000000000014e+1
1.467500000000014e+1
1.470000000000014e+1
1.472500000000014e+1
1.475000000000014e+1
1.477500000000014e+1
1.480000000000014e+1
1.482500000000014e+1
1.485000000000014e+1
1.487500000000014e+1
1.490000000000014e+1
1.492500000000014e+1
1.495000000000014e+1
1.497500000000015e+1
1.500000000000015e+1
1.502500000000015e+1
1.505000000000015e+1
1.507500000000015e+1
1.510000000000015e+1
1.512500000000015e+1
1.515000000000015e+1
1.517500000000015e+1
1.520000000000015e+1
1.522500000000015e+1
1.525000000000015e+1
1.527500000000015e+1
1.530000000000015e+1
1.532500000000015e+1
1.535000000000015e+1
1.537500000000015e+1
1.540000000000015e+1
1.542500000000015e+1
1.545000000000015e+1
1.547500000000015e+1
1.550000000000015e+1
1.552500000000015e+1
1.555000000000015e+1
1.557500000000015e+1
1.560000000000015e+1
1.562500000000015e+1
1.565000000000015e+1
1.567500000000016e+1
1.570000000000016e+1
1.572500000000016e+1
1.575000000000016e+1
1.577500000000016e+1
1.580000000000016e+1
1.582500000000016e+1
1.585000000000016e+1
1.587500000000016e+1
1.590000000000016e+1
1.592500000000016e+1
1.595000000000016e+1
1.597500000000016e+1
1.600000000000016e+1
1.602500000000016e+1
1.605000000000016e+1
1.607500000000016e+1
1.610000000000015e+1
1.612500000000015e+1
1.615000000000015e+1
1.617500000000015e+1
1.620000000000015e+1
1.622500000000015e+1
1.625000000000015e+1
1.627500000000014e+1
1.630000000000014e+1
1.632500000000014e+1
1.635000000000014e+1
1.637500000000014e+1
1.640000000000014e+1
1.642500000000014e+1
1.645000000000013e+1
1.647500000000013e+1
1.650000000000013e+1
1.652500000000013e+1
1.655000000000013e+1
1.657500000000013e+1
1.660000000000013e+1
1.662500000000012e+1
1.665000000000012e+1
1.667500000000012e+1
1.670000000000012e+1
1.672500000000012e+1
1.675000000000012e+1
1.677500000000012e+1
1.680000000000011e+1
1.682500000000011e+1
1.685000000000011e+1
1.687500000000011e+1
1.690000000000011e+1
1.692500000000011e+1
1.695000000000011e+1
1.697500000000010e+1
1.700000000000010e+1
1.702500000000010e+1
1.705000000000010e+1
1.707500000000010e+1
1.710000000000010e+1
1.712500000000010e+1
1.715000000000009e+1
1.717500000000009e+1
1.720000000000009e+1
1.722500000000009e+1
1.725000000000009e+1
1.727500000000009e+1
1.730000000000009e+1
1.732500000000008e+1
1.735000000000008e+1
1.737500000000008e+1
1.740000000000008e+1
1.742500000000008e+1
1.745000000000008e+1
1.747500000000008e+1
1.750000000000007e+1
1.752500000000007e+1
1.755000000000007e+1
1.757500000000007e+1
1.760000000000007e+1
1.762500000000007e+1
1.765000000000007e+1
1.767500000000006e+1
1.770000000000006e+1
1.772500000000006e+1
1.775000000000006e+1
1.777500000000006e+1
1.780000000000006e+1
1.782500000000006e+1
1.785000000000005e+1
1.787500000000005e+1
1.790000000000005e+1
1.792500000000005e+1
1.795000000000005e+1
1.797500000000005e+1
1.800000000000005e+1
1.802500000000004e+1
1.805000000000004e+1
1.807500000000004e+1
1.810000000000004e+1
1.812500000000004e+1
1.815000000000004e+1
1.817500000000004e+1
1.820000000000003e+1
1.822500000000003e+1
1.825000000000003e+1
1.827500000000003e+1
1.830000000000003e+1
1.832500000000003e+1
1.835000000000003e+1
1.837500000000002e+1
1.840000000000002e+1
1.842500000000002e+1
1.845000000000002e+1
1.847500000000002e+1
1.850000000000002e+1
1.852500000000002e+1
1.855000000000001e+1
1.857500000000001e+1
1.860000000000001e+1
1.862500000000001e+1
1.865000000000001e+1
1.867500000000001e+1
1.870000000000001e+1
1.872500000000000e+1
1.875000000000000e+1
1.877500000000000e+1
1.880000000000000e+1
1.882500000000000e+1
1.885000000000000e+1
1.887500000000000e+1
1.890000000000000e+1
1.892499999999999e+1
1.894999999999999e+1
1.897499999999999e+1
1.899999999999999e+1
1.902499999999999e+1
1.904999999999999e+1
1.907499999999999e+1
1.909999999999998e+1
1.912499999999998e+1
1.914999999999998e+1
1.917499999999998e+1
1.919999999999998e+1
1.922499999999998e+1
1.924999999999998e+1
1.927499999999997e+1
1.929999999999997e+1
1.932499999999997e+1
1.934999999999997e+1
1.937499999999997e+1
1.939999999999997e+1
1.942499999999997e+1
1.944999999999996e+1
1.947499999999996e+1
1.949999999999996e+1
1.952499999999996e+1
1.954999999999996e+1
1.957499999999996e+1
1.959999999999996e+1
1.962499999999995e+1
1.964999999999995e+1
1.967499999999995e+1
1.969999999999995e+1
1.972499999999995e+1
1.974999999999995e+1
1.977499999999995e+1
1.979999999999994e+1
1.982499999999994e+1
1.984999999999994e+1
1.987499999999994e+1
1.989999999999994e+1
1.992499999999994e+1
1.994999999999994e+1
1.997499999999993e+1
2.000000000000000e+1
