261
-7.500000000000000e+0
-7.199998423422709e+0
-6.890150953002919e+0
-6.574044610027864e+0
-6.255571970928245e+0
-5.938743507998603e+0
-5.627487637729816e+0
-5.325459343832284e+0
-5.035876733825301e+0
-4.761400111286207e+0
-4.504061312770399e+0
-4.265243775629227e+0
-4.045707561094707e+0
-3.845649339016630e+0
-3.664785469121204e+0
-3.502446533876600e+0
-3.357673383192457e+0
-3.229307233011483e+0
-3.116068999534241e+0
-3.016625416996284e+0
-2.929641351047286e+0
-2.853819019510098e+0
-2.787925614811883e+0
-2.730811190274903e+0
-2.681418743163891e+0
-2.638788308426614e+0
-2.602056654498944e+0
-2.570453908430918e+0
-2.543298172423737e+0
-2.519988951126503e+0
-2.500000000000000e+0
-2.475000000000000e+0
-2.450000000000000e+0
-2.425000000000000e+0
-2.400000000000000e+0
-2.375000000000000e+0
-2.350000000000000e+0
-2.325000000000000e+0
-2.300000000000000e+0
-2.275000000000000e+0
-2.250000000000000e+0
-2.225000000000000e+0
-2.200000000000000e+0
-2.175000000000000e+0
-2.150000000000000e+0
-2.125000000000000e+0
-2.100000000000000e+0
-2.075000000000000e+0
-2.050000000000000e+0
-2.025000000000000e+0
-2.000000000000000e+0
-1.975000000000000e+0
-1.950000000000000e+0
-1.925000000000000e+0
-1.900000000000000e+0
-1.875000000000000e+0
-1.850000000000000e+0
-1.825000000000000e+0
-1.800000000000000e+0
-1.775000000000000e+0
-1.750000000000000e+0
-1.725000000000000e+0
-1.700000000000000e+0
-1.675000000000000e+0
-1.650000000000000e+0
-1.625000000000000e+0
-1.600000000000000e+0
-1.575000000000000e+0
-1.550000000000000e+0
-1.525000000000000e+0
-1.500000000000000e+0
-1.475000000000000e+0
-1.450000000000000e+0
-1.425000000000000e+0
-1.400000000000000e+0
-1.375000000000000e+0
-1.350000000000000e+0
-1.325000000000000e+0
-1.300000000000000e+0
-1.275000000000000e+0
-1.250000000000000e+0
-1.225000000000000e+0
-1.200000000000000e+0
-1.175000000000000e+0
-1.150000000000000e+0
-1.125000000000000e+0
-1.100000000000000e+0
-1.075000000000000e+0
-1.050000000000000e+0
-1.025000000000000e+0
-1.000000000000000e+0
-9.750000000000001e-1
-9.500000000000000e-1
-9.250000000000000e-1
-8.999999999999999e-1
-8.750000000000000e-1
-8.499999999999999e-1
-8.250000000000000e-1
-7.999999999999998e-1
-7.750000000000001e-1
-7.500000000000000e-1
-7.250000000000001e-1
-7.000000000000002e-1
-6.750000000000000e-1
-6.499999999999999e-1
-6.250000000000000e-1
-6.000000000000001e-1
-5.750000000000000e-1
-5.499999999999998e-1
-5.249999999999999e-1
-5.000000000000000e-1
-4.749999999999996e-1
-4.500000000000002e-1
-4.250000000000003e-1
-3.999999999999999e-1
-3.750000000000000e-1
-3.500000000000001e-1
-3.250000000000002e-1
-2.999999999999998e-1
-2.749999999999999e-1
-2.500000000000000e-1
-2.250000000000001e-1
-1.999999999999997e-1
-1.749999999999998e-1
-1.500000000000004e-1
-1.250000000000000e-1
-1.000000000000001e-1
-7.500000000000018e-2
-4.999999999999982e-2
-2.499999999999991e-2
0.000000000000000e+0
2.499999999999991e-2
4.999999999999982e-2
7.500000000000018e-2
1.000000000000001e-1
1.250000000000000e-1
1.500000000000004e-1
1.750000000000003e-1
2.000000000000002e-1
2.250000000000001e-1
2.500000000000000e-1
2.750000000000004e-1
3.000000000000003e-1
3.249999999999997e-1
3.499999999999996e-1
3.750000000000000e-1
3.999999999999999e-1
4.249999999999998e-1
4.499999999999997e-1
4.749999999999996e-1
5.000000000000000e-1
5.249999999999999e-1
5.499999999999998e-1
5.750000000000002e-1
6.000000000000001e-1
6.250000000000000e-1
6.499999999999999e-1
6.749999999999998e-1
7.000000000000002e-1
7.250000000000001e-1
7.500000000000000e-1
7.750000000000004e-1
8.000000000000003e-1
8.250000000000002e-1
8.500000000000001e-1
8.750000000000000e-1
9.000000000000004e-1
9.250000000000003e-1
9.499999999999997e-1
9.749999999999996e-1
1.000000000000000e+0
1.025000000000000e+0
1.050000000000000e+0
1.075000000000000e+0
1.100000000000000e+0
1.125000000000000e+0
1.150000000000000e+0
1.175000000000000e+0
1.200000000000000e+0
1.225000000000000e+0
1.250000000000000e+0
1.275000000000000e+0
1.300000000000000e+0
1.325000000000000e+0
1.350000000000000e+0
1.375000000000000e+0
1.400000000000000e+0
1.425000000000000e+0
1.450000000000000e+0
1.475000000000000e+0
1.500000000000000e+0
1.525000000000000e+0
1.550000000000001e+0
1.574999999999999e+0
1.600000000000000e+0
1.625000000000000e+0
1.649999999999999e+0
1.675000000000000e+0
1.700000000000000e+0
1.725000000000000e+0
1.750000000000000e+0
1.775000000000000e+0
1.800000000000000e+0
1.825000000000000e+0
1.850000000000000e+0
1.875000000000000e+0
1.900000000000000e+0
1.925000000000000e+0
1.950000000000000e+0
1.975000000000000e+0
2.000000000000000e+0
2.025000000000000e+0
2.050000000000000e+0
2.075000000000000e+0
2.100000000000001e+0
2.125000000000000e+0
2.150000000000000e+0
2.175000000000001e+0
2.199999999999999e+0
2.225000000000000e+0
2.250000000000000e+0
2.274999999999999e+0
2.300000000000000e+0
2.325000000000000e+0
2.350000000000000e+0
2.375000000000000e+0
2.400000000000000e+0
2.425000000000000e+0
2.450000000000000e+0
2.475000000000000e+0
2.500000000000000e+0
2.519988951126504e+0
2.543298172423739e+0
2.570453908430922e+0
2.602056654498949e+0
2.638788308426620e+0
2.681418743163900e+0
2.730811190274913e+0
2.787925614811896e+0
2.853819019510113e+0
2.929641351047302e+0
3.016625416996305e+0
3.116068999534265e+0
3.229307233011510e+0
3.357673383192488e+0
3.502446533876636e+0
3.664785469121243e+0
3.845649339016672e+0
4.045707561094753e+0
4.265243775629274e+0
4.504061312770453e+0
4.761400111286259e+0
5.035876733825355e+0
5.325459343832335e+0
5.627487637729867e+0
5.938743507998652e+0
6.255571970928281e+0
6.574044610027895e+0
6.890150953002941e+0
7.199998423422713e+0
7.500000000000004e+0
